Temperature1,Execution1
Time(s),Temperature1(C)
0.0000,24.81
0.5000,24.81
1.0000,24.81
1.5000,24.81
2.0000,24.81
2.5000,24.81
3.0000,24.81
3.5000,24.81
4.0000,24.81
4.5000,24.80
5.0000,24.81
5.5000,24.81
6.0000,24.80
6.5000,24.81
7.0000,24.81
7.5000,24.81
8.0000,24.81
8.5000,24.81
9.0000,24.81
9.5000,24.83
10.0000,24.83
10.5000,24.83
11.0000,24.83
11.5000,24.85
12.0000,24.86
12.5000,24.87
13.0000,24.88
13.5000,24.89
14.0000,24.91
14.5000,24.92
15.0000,24.94
15.5000,24.95
16.0000,24.97
16.5000,24.99
17.0000,25.02
17.5000,25.04
18.0000,25.07
18.5000,25.10
19.0000,25.12
19.5000,25.15
20.0000,25.18
20.5000,25.21
21.0000,25.24
21.5000,25.27
22.0000,25.31
22.5000,25.34
23.0000,25.38
23.5000,25.42
24.0000,25.45
24.5000,25.49
25.0000,25.52
25.5000,25.55
26.0000,25.58
26.5000,25.61
27.0000,25.64
27.5000,25.68
28.0000,25.70
28.5000,25.73
29.0000,25.75
29.5000,25.78
30.0000,25.80
30.5000,25.82
31.0000,25.84
31.5000,25.85
32.0000,25.87
32.5000,25.89
33.0000,25.90
33.5000,25.91
34.0000,25.92
34.5000,25.93
35.0000,25.94
35.5000,25.94
36.0000,25.94
36.5000,25.95
37.0000,25.95
37.5000,25.96
38.0000,25.95
38.5000,25.95
39.0000,25.95
39.5000,25.94
40.0000,25.95
40.5000,25.94
41.0000,25.94
41.5000,25.94
42.0000,25.94
42.5000,25.94
43.0000,25.94
43.5000,25.95
44.0000,25.95
44.5000,25.95
45.0000,25.96
45.5000,25.97
46.0000,25.97
46.5000,25.98
47.0000,25.99
47.5000,26.00
48.0000,26.01
48.5000,26.02
49.0000,26.04
49.5000,26.06
50.0000,26.07
50.5000,26.09
51.0000,26.11
51.5000,26.13
52.0000,26.15
52.5000,26.17
53.0000,26.19
53.5000,26.22
54.0000,26.24
54.5000,26.26
55.0000,26.27
55.5000,26.30
56.0000,26.32
56.5000,26.34
57.0000,26.35
57.5000,26.38
58.0000,26.39
58.5000,26.40
59.0000,26.42
59.5000,26.44
60.0000,26.45
60.5000,26.46
61.0000,26.47
61.5000,26.47
62.0000,26.49
62.5000,26.49
63.0000,26.49
63.5000,26.49
64.0000,26.49
64.5000,26.49
65.0000,26.49
65.5000,26.49
66.0000,26.48
66.5000,26.47
67.0000,26.47
67.5000,26.46
68.0000,26.45
68.5000,26.44
69.0000,26.43
69.5000,26.43
70.0000,26.42
70.5000,26.41
71.0000,26.40
71.5000,26.40
72.0000,26.39
72.5000,26.38
73.0000,26.38
73.5000,26.37
74.0000,26.37
74.5000,26.37
75.0000,26.37
75.5000,26.37
76.0000,26.37
76.5000,26.37
77.0000,26.37
77.5000,26.38
78.0000,26.38
78.5000,26.39
79.0000,26.40
79.5000,26.42
80.0000,26.43
80.5000,26.44
81.0000,26.45
81.5000,26.47
82.0000,26.48
82.5000,26.50
83.0000,26.52
83.5000,26.53
84.0000,26.55
84.5000,26.56
85.0000,26.58
85.5000,26.60
86.0000,26.61
86.5000,26.63
87.0000,26.65
87.5000,26.66
88.0000,26.68
88.5000,26.68
89.0000,26.69
89.5000,26.71
90.0000,26.71
90.5000,26.72
91.0000,26.72
91.5000,26.73
92.0000,26.73
92.5000,26.73
93.0000,26.74
93.5000,26.73
94.0000,26.73
94.5000,26.73
95.0000,26.72
95.5000,26.71
96.0000,26.71
96.5000,26.70
97.0000,26.69
97.5000,26.68
98.0000,26.67
98.5000,26.66
99.0000,26.65
99.5000,26.64
100.0000,26.63
100.5000,26.62
101.0000,26.61
101.5000,26.59
102.0000,26.59
102.5000,26.58
103.0000,26.57
103.5000,26.56
104.0000,26.56
104.5000,26.56
105.0000,26.56
105.5000,26.55
106.0000,26.56
106.5000,26.55
107.0000,26.56
107.5000,26.55
108.0000,26.56
108.5000,26.57
109.0000,26.57
109.5000,26.58
110.0000,26.59
110.5000,26.61
111.0000,26.62
111.5000,26.64
112.0000,26.65
112.5000,26.66
113.0000,26.68
113.5000,26.69
114.0000,26.70
114.5000,26.72
115.0000,26.74
115.5000,26.75
116.0000,26.76
116.5000,26.78
117.0000,26.80
117.5000,26.81
118.0000,26.82
118.5000,26.83
119.0000,26.84
119.5000,26.86
120.0000,26.86
120.5000,26.86
121.0000,26.88
121.5000,26.88
122.0000,26.88
122.5000,26.88
123.0000,26.88
123.5000,26.88
124.0000,26.87
124.5000,26.86
125.0000,26.86
125.5000,26.85
126.0000,26.84
126.5000,26.84
127.0000,26.83
127.5000,26.81
128.0000,26.81
128.5000,26.79
129.0000,26.78
129.5000,26.76
130.0000,26.76
130.5000,26.75
131.0000,26.74
131.5000,26.72
132.0000,26.71
132.5000,26.70
133.0000,26.69
133.5000,26.69
134.0000,26.68
134.5000,26.69
135.0000,26.68
135.5000,26.67
136.0000,26.67
136.5000,26.67
137.0000,26.67
137.5000,26.68
138.0000,26.68
138.5000,26.69
139.0000,26.69
139.5000,26.70
140.0000,26.71
140.5000,26.72
141.0000,26.73
141.5000,26.75
142.0000,26.76
142.5000,26.77
143.0000,26.79
143.5000,26.81
144.0000,26.82
144.5000,26.84
145.0000,26.85
145.5000,26.86
146.0000,26.88
146.5000,26.90
147.0000,26.91
147.5000,26.92
148.0000,26.93
148.5000,26.94
149.0000,26.95
149.5000,26.95
150.0000,26.97
150.5000,26.97
151.0000,26.98
151.5000,26.98
152.0000,26.98
152.5000,26.98
153.0000,26.98
153.5000,26.98
154.0000,26.98
154.5000,26.97
155.0000,26.96
155.5000,26.96
156.0000,26.95
156.5000,26.94
157.0000,26.92
157.5000,26.92
158.0000,26.91
158.5000,26.90
159.0000,26.88
159.5000,26.87
160.0000,26.86
160.5000,26.85
161.0000,26.83
161.5000,26.83
162.0000,26.82
162.5000,26.81
163.0000,26.80
163.5000,26.79
164.0000,26.78
164.5000,26.78
165.0000,26.77
165.5000,26.77
166.0000,26.76
166.5000,26.77
167.0000,26.77
167.5000,26.78
168.0000,26.78
168.5000,26.78
169.0000,26.80
169.5000,26.80
170.0000,26.80
170.5000,26.82
171.0000,26.83
171.5000,26.84
172.0000,26.86
172.5000,26.87
173.0000,26.89
173.5000,26.90
174.0000,26.91
174.5000,26.93
175.0000,26.95
175.5000,26.96
176.0000,26.97
176.5000,26.99
177.0000,27.00
177.5000,27.01
178.0000,27.03
178.5000,27.03
179.0000,27.04
179.5000,27.05
180.0000,27.06
180.5000,27.07
181.0000,27.08
181.5000,27.08
182.0000,27.08
182.5000,27.08
183.0000,27.08
183.5000,27.07
184.0000,27.07
184.5000,27.07
185.0000,27.06
185.5000,27.05
186.0000,27.05
186.5000,27.03
187.0000,27.02
187.5000,27.01
188.0000,27.01
188.5000,26.99
189.0000,26.98
189.5000,26.96
190.0000,26.96
190.5000,26.95
191.0000,26.93
191.5000,26.92
192.0000,26.91
192.5000,26.90
193.0000,26.90
193.5000,26.88
194.0000,26.89
194.5000,26.88
195.0000,26.87
195.5000,26.87
196.0000,26.86
196.5000,26.87
197.0000,26.87
197.5000,26.87
198.0000,26.87
198.5000,26.88
199.0000,26.89
199.5000,26.89
200.0000,26.91
200.5000,26.92
201.0000,26.93
201.5000,26.94
202.0000,26.96
202.5000,26.97
203.0000,26.99
203.5000,27.00
204.0000,27.02
204.5000,27.03
205.0000,27.05
205.5000,27.06
206.0000,27.08
206.5000,27.09
207.0000,27.11
207.5000,27.12
208.0000,27.13
208.5000,27.14
209.0000,27.15
209.5000,27.16
210.0000,27.16
210.5000,27.17
211.0000,27.17
211.5000,27.18
212.0000,27.18
212.5000,27.18
213.0000,27.18
213.5000,27.17
214.0000,27.17
214.5000,27.16
215.0000,27.15
215.5000,27.15
216.0000,27.14
216.5000,27.14
217.0000,27.12
217.5000,27.11
218.0000,27.10
218.5000,27.09
219.0000,27.07
219.5000,27.07
220.0000,27.05
220.5000,27.03
221.0000,27.03
221.5000,27.01
222.0000,27.00
222.5000,27.00
223.0000,26.99
223.5000,26.98
224.0000,26.97
224.5000,26.97
225.0000,26.97
225.5000,26.96
226.0000,26.96
226.5000,26.96
227.0000,26.96
227.5000,26.96
228.0000,26.97
228.5000,26.97
229.0000,26.98
229.5000,26.99
230.0000,27.00
230.5000,27.01
231.0000,27.02
231.5000,27.04
232.0000,27.05
232.5000,27.07
233.0000,27.08
233.5000,27.09
234.0000,27.11
234.5000,27.12
235.0000,27.14
235.5000,27.15
236.0000,27.17
236.5000,27.18
237.0000,27.20
237.5000,27.21
238.0000,27.22
238.5000,27.23
239.0000,27.23
239.5000,27.25
240.0000,27.25
240.5000,27.26
241.0000,27.26
241.5000,27.27
242.0000,27.27
242.5000,27.26
243.0000,27.26
243.5000,27.26
244.0000,27.26
244.5000,27.25
245.0000,27.24
245.5000,27.24
246.0000,27.23
246.5000,27.22
247.0000,27.21
247.5000,27.20
248.0000,27.19
248.5000,27.18
249.0000,27.16
249.5000,27.15
250.0000,27.14
250.5000,27.13
251.0000,27.12
251.5000,27.11
252.0000,27.10
252.5000,27.09
253.0000,27.08
253.5000,27.07
254.0000,27.06
254.5000,27.06
255.0000,27.05
255.5000,27.05
256.0000,27.05
256.5000,27.05
257.0000,27.04
257.5000,27.05
258.0000,27.05
258.5000,27.06
259.0000,27.07
259.5000,27.08
260.0000,27.09
260.5000,27.10
261.0000,27.11
261.5000,27.13
262.0000,27.13
262.5000,27.15
263.0000,27.16
263.5000,27.18
264.0000,27.19
264.5000,27.21
265.0000,27.23
265.5000,27.24
266.0000,27.26
266.5000,27.27
267.0000,27.28
267.5000,27.30
268.0000,27.30
268.5000,27.32
269.0000,27.33
269.5000,27.33
270.0000,27.34
270.5000,27.35
271.0000,27.35
271.5000,27.36
272.0000,27.35
272.5000,27.36
273.0000,27.36
273.5000,27.35
274.0000,27.35
274.5000,27.34
275.0000,27.34
275.5000,27.33
276.0000,27.32
276.5000,27.31
277.0000,27.30
277.5000,27.29
278.0000,27.28
278.5000,27.26
279.0000,27.26
279.5000,27.24
280.0000,27.23
280.5000,27.22
281.0000,27.21
281.5000,27.20
282.0000,27.19
282.5000,27.18
283.0000,27.17
283.5000,27.17
284.0000,27.16
284.5000,27.15
285.0000,27.14
285.5000,27.14
286.0000,27.14
286.5000,27.14
287.0000,27.14
287.5000,27.15
288.0000,27.15
288.5000,27.15
289.0000,27.16
289.5000,27.17
290.0000,27.18
290.5000,27.19
291.0000,27.20
291.5000,27.22
292.0000,27.23
292.5000,27.25
293.0000,27.26
293.5000,27.27
294.0000,27.29
294.5000,27.31
295.0000,27.32
295.5000,27.34
296.0000,27.36
296.5000,27.36
297.0000,27.38
297.5000,27.39
298.0000,27.40
298.5000,27.41
299.0000,27.42
299.5000,27.43
300.0000,27.43
300.5000,27.44
301.0000,27.44
301.5000,27.45
302.0000,27.45
302.5000,27.45
303.0000,27.45
303.5000,27.44
304.0000,27.44
304.5000,27.44
305.0000,27.43
305.5000,27.42
306.0000,27.42
306.5000,27.41
307.0000,27.40
307.5000,27.38
308.0000,27.38
308.5000,27.36
309.0000,27.35
309.5000,27.34
310.0000,27.32
310.5000,27.32
311.0000,27.30
311.5000,27.30
312.0000,27.28
312.5000,27.27
313.0000,27.26
313.5000,27.25
314.0000,27.25
314.5000,27.24
315.0000,27.24
315.5000,27.23
316.0000,27.23
316.5000,27.23
317.0000,27.23
317.5000,27.23
318.0000,27.24
318.5000,27.25
319.0000,27.25
319.5000,27.26
320.0000,27.26
320.5000,27.28
321.0000,27.29
321.5000,27.31
322.0000,27.32
322.5000,27.33
323.0000,27.35
323.5000,27.36
324.0000,27.38
324.5000,27.39
325.0000,27.40
325.5000,27.42
326.0000,27.44
