457
Si Trial 1 T2 FFT Amplitude Array (First 30 Terms)
[0.25720308 0.14360815 0.10194655 0.06779653 0.06211517 0.08662973
 0.25461141 0.49783722 0.16038379 0.10268827 0.08360006 0.06413214
 0.05653306 0.05658163 0.04616488 0.03816319 0.03263666 0.03429184
 0.03048406 0.031487   0.02762735 0.02499748 0.03306314 0.02870481
 0.02581437 0.02561    0.02387976 0.02302971 0.02018565 0.02090987]
[0.00437637 0.00875274 0.0131291  0.01750547 0.02188184 0.02625821
 0.03063457 0.03501094 0.03938731 0.04376368 0.04814004 0.05251641
 0.05689278 0.06126915 0.06564551 0.07002188 0.07439825 0.07877462
 0.08315098 0.08752735 0.09190372 0.09628009 0.10065646 0.10503282
 0.10940919 0.11378556 0.11816193 0.12253829 0.12691466 0.13129103]
Si Trial 1 T1 FFT Amplitude Array (First 30 Terms)
[0.2495263  0.1359666  0.09659819 0.07612676 0.06544594 0.06447255
 0.09263878 0.08338488 0.02558639 0.02124775 0.02073914 0.01904489
 0.01753676 0.01652875 0.01515779 0.01490465 0.01423768 0.01321508
 0.01319017 0.01172984 0.01160141 0.01116156 0.01097302 0.01025024
 0.00997797 0.00924096 0.00942525 0.00938572 0.00820558 0.00802044]
[0.00437637 0.00875274 0.0131291  0.01750547 0.02188184 0.02625821
 0.03063457 0.03501094 0.03938731 0.04376368 0.04814004 0.05251641
 0.05689278 0.06126915 0.06564551 0.07002188 0.07439825 0.07877462
 0.08315098 0.08752735 0.09190372 0.09628009 0.10065646 0.10503282
 0.10940919 0.11378556 0.11816193 0.12253829 0.12691466 0.13129103]
784
Si Trial 2 T2 FFT Amplitude Array (First 30 Terms)
[0.4141831  0.20047177 0.12936489 0.17481449 0.11496078 0.07420002
 0.04945442 0.04790179 0.04513975 0.03628946 0.05555671 0.03487649
 0.57544174 0.03532232 0.02216418 0.01842064 0.02533149 0.02584453
 0.02918104 0.01985968 0.02750461 0.02220412 0.02027692 0.02387737
 0.01923406 0.02457375 0.01918589 0.01489752 0.01717607 0.01633956]
[0.00255102 0.00510204 0.00765306 0.01020408 0.0127551  0.01530612
 0.01785714 0.02040816 0.02295918 0.0255102  0.02806122 0.03061224
 0.03316327 0.03571429 0.03826531 0.04081633 0.04336735 0.04591837
 0.04846939 0.05102041 0.05357143 0.05612245 0.05867347 0.06122449
 0.06377551 0.06632653 0.06887755 0.07142857 0.07397959 0.07653061]
Si Trial 2 T1 FFT Amplitude Array (First 30 Terms)
[0.44330468 0.22921291 0.15084171 0.1122989  0.0921012  0.07172761
 0.0616778  0.05586653 0.04899526 0.04109348 0.04264001 0.02851135
 0.09143347 0.04271394 0.03437147 0.03212136 0.03181709 0.02802312
 0.02598916 0.02351311 0.02295125 0.02278392 0.0233442  0.02331596
 0.01792696 0.01822444 0.01693925 0.01676796 0.01889262 0.01693128]
[0.00255102 0.00510204 0.00765306 0.01020408 0.0127551  0.01530612
 0.01785714 0.02040816 0.02295918 0.0255102  0.02806122 0.03061224
 0.03316327 0.03571429 0.03826531 0.04081633 0.04336735 0.04591837
 0.04846939 0.05102041 0.05357143 0.05612245 0.05867347 0.06122449
 0.06377551 0.06632653 0.06887755 0.07142857 0.07397959 0.07653061]
0.00437636761487965
0.002551020408163265
[0.0350109409190372+/-0.002188183807439825, 0.033163265306122444+/-0.0012755102040816326]
523
Bi2Te3 40s T7 FFT Amplitude Array (First 30 Terms)
[0.35345387 0.19530543 0.12666495 0.09766757 0.07876252 0.06147645
 0.06535671 0.05348563 0.04403132 0.04068026 0.03822886 0.03139011
 0.0317162  0.0284809  0.0283027  0.02500119 0.02399819 0.0225012
 0.02202956 0.01984283 0.01860297 0.0185994  0.01776763 0.0164399
 0.01625221 0.01578498 0.01542233 0.01450997 0.01433776 0.01359506]
[0.00382409 0.00764818 0.01147228 0.01529637 0.01912046 0.02294455
 0.02676864 0.03059273 0.03441683 0.03824092 0.04206501 0.0458891
 0.04971319 0.05353728 0.05736138 0.06118547 0.06500956 0.06883365
 0.07265774 0.07648184 0.08030593 0.08413002 0.08795411 0.0917782
 0.09560229 0.09942639 0.10325048 0.10707457 0.11089866 0.11472275]
Bi2Te3 40s T8 FFT Amplitude Array (First 30 Terms)
[0.22441598 0.10485313 0.07137024 0.05214598 0.04245918 0.03506575
 0.03162511 0.02497811 0.02304676 0.0213545  0.01914952 0.01818689
 0.01610094 0.01542889 0.01384806 0.01275293 0.01210431 0.01191851
 0.01061541 0.01076435 0.00989917 0.00999232 0.00953525 0.00878682
 0.00808482 0.00840784 0.00736093 0.00761683 0.00760926 0.00711051]
[0.00382409 0.00764818 0.01147228 0.01529637 0.01912046 0.02294455
 0.02676864 0.03059273 0.03441683 0.03824092 0.04206501 0.0458891
 0.04971319 0.05353728 0.05736138 0.06118547 0.06500956 0.06883365
 0.07265774 0.07648184 0.08030593 0.08413002 0.08795411 0.0917782
 0.09560229 0.09942639 0.10325048 0.10707457 0.11089866 0.11472275]
816
Bi2Te3 50s T7 FFT Amplitude Array (First 30 Terms)
[0.57330372 0.28773205 0.1978544  0.14973985 0.11757332 0.10265965
 0.09198622 0.1220641  0.05560858 0.05614571 0.05002429 0.04900521
 0.04468695 0.04054348 0.0379749  0.03585523 0.03309149 0.03035007
 0.0304132  0.02979937 0.02778836 0.02607926 0.02473696 0.02314256
 0.02380552 0.02276679 0.02167159 0.02043474 0.01967841 0.02006728]
[0.00245098 0.00490196 0.00735294 0.00980392 0.0122549  0.01470588
 0.01715686 0.01960784 0.02205882 0.0245098  0.02696078 0.02941176
 0.03186275 0.03431373 0.03676471 0.03921569 0.04166667 0.04411765
 0.04656863 0.04901961 0.05147059 0.05392157 0.05637255 0.05882353
 0.06127451 0.06372549 0.06617647 0.06862745 0.07107843 0.07352941]
Bi2Te3 50s T8 FFT Amplitude Array (First 30 Terms)
[0.39605129 0.1840831  0.12656855 0.09388367 0.07778099 0.06522466
 0.05424833 0.04682121 0.04105859 0.03753627 0.03433237 0.03174746
 0.02806252 0.0272283  0.02496889 0.02338224 0.02180701 0.02111207
 0.01988823 0.01893559 0.01815855 0.0170073  0.01624742 0.01620904
 0.01511847 0.01455188 0.01391346 0.01372806 0.01269558 0.01262229]
[0.00245098 0.00490196 0.00735294 0.00980392 0.0122549  0.01470588
 0.01715686 0.01960784 0.02205882 0.0245098  0.02696078 0.02941176
 0.03186275 0.03431373 0.03676471 0.03921569 0.04166667 0.04411765
 0.04656863 0.04901961 0.05147059 0.05392157 0.05637255 0.05882353
 0.06127451 0.06372549 0.06617647 0.06862745 0.07107843 0.07352941]
872
Bi2Te3 60s T7 FFT Amplitude Array (First 30 Terms)
[0.43361066 0.23639303 0.16470856 0.12224686 0.1042034  0.08254054
 0.12867175 0.04254686 0.04665655 0.04134647 0.03965711 0.03645489
 0.03688073 0.03053343 0.03107583 0.02904893 0.02722028 0.02468936
 0.02376639 0.02089292 0.02258371 0.01976394 0.01913035 0.01855534
 0.0179622  0.01760888 0.01745108 0.01636867 0.01639502 0.01576937]
[0.00229358 0.00458716 0.00688073 0.00917431 0.01146789 0.01376147
 0.01605505 0.01834862 0.0206422  0.02293578 0.02522936 0.02752294
 0.02981651 0.03211009 0.03440367 0.03669725 0.03899083 0.0412844
 0.04357798 0.04587156 0.04816514 0.05045872 0.05275229 0.05504587
 0.05733945 0.05963303 0.06192661 0.06422018 0.06651376 0.06880734]
Bi2Te3 60s T8 FFT Amplitude Array (First 30 Terms)
[0.29640483 0.16910458 0.11126932 0.08193087 0.06835752 0.05810269
 0.05065401 0.04512861 0.03703904 0.03376848 0.02982587 0.02841062
 0.02561646 0.02393499 0.02240728 0.02091469 0.02021092 0.01898514
 0.01711859 0.01643434 0.01644819 0.01529658 0.01401672 0.01440821
 0.01375928 0.01322785 0.01257209 0.01242326 0.01164068 0.01130063]
[0.00229358 0.00458716 0.00688073 0.00917431 0.01146789 0.01376147
 0.01605505 0.01834862 0.0206422  0.02293578 0.02522936 0.02752294
 0.02981651 0.03211009 0.03440367 0.03669725 0.03899083 0.0412844
 0.04357798 0.04587156 0.04816514 0.05045872 0.05275229 0.05504587
 0.05733945 0.05963303 0.06192661 0.06422018 0.06651376 0.06880734]
851
Bi2Te3 70s T7 FFT Amplitude Array (First 30 Terms)
[0.26928171 0.14134142 0.10180352 0.07314485 0.04745905 0.05585456
 0.05576204 0.03802928 0.03995409 0.03377148 0.02853887 0.02327843
 0.02496678 0.02388771 0.01977157 0.01983427 0.01849102 0.01776655
 0.01748309 0.01609889 0.01477988 0.01402817 0.01462455 0.0126326
 0.01315025 0.01201836 0.01172928 0.01130968 0.01164836 0.00981326]
[0.00235018 0.00470035 0.00705053 0.00940071 0.01175088 0.01410106
 0.01645123 0.01880141 0.02115159 0.02350176 0.02585194 0.02820212
 0.03055229 0.03290247 0.03525264 0.03760282 0.039953   0.04230317
 0.04465335 0.04700353 0.0493537  0.05170388 0.05405405 0.05640423
 0.05875441 0.06110458 0.06345476 0.06580494 0.06815511 0.07050529]
Bi2Te3 70s T8 FFT Amplitude Array (First 30 Terms)
[0.17292655 0.08151113 0.05635317 0.04056528 0.03655664 0.02493579
 0.02311787 0.02028496 0.01929264 0.01618455 0.01523246 0.01358554
 0.0116094  0.01179411 0.01131516 0.01092721 0.01003487 0.00888425
 0.00923178 0.00805681 0.00795971 0.00765358 0.00737116 0.006912
 0.00677177 0.00605487 0.00629683 0.00563514 0.00602771 0.00573463]
[0.00235018 0.00470035 0.00705053 0.00940071 0.01175088 0.01410106
 0.01645123 0.01880141 0.02115159 0.02350176 0.02585194 0.02820212
 0.03055229 0.03290247 0.03525264 0.03760282 0.039953   0.04230317
 0.04465335 0.04700353 0.0493537  0.05170388 0.05405405 0.05640423
 0.05875441 0.06110458 0.06345476 0.06580494 0.06815511 0.07050529]
864
Bi2Te3 80s T7 FFT Amplitude Array (First 30 Terms)
[0.22848576 0.11763939 0.06674586 0.03614796 0.05482116 0.11030722
 0.06345924 0.04764454 0.04181913 0.03617159 0.03199225 0.03030868
 0.02702649 0.02459387 0.02038298 0.020749   0.02184995 0.01836148
 0.01913552 0.01787891 0.01704669 0.01671723 0.01600546 0.01422183
 0.01333421 0.01198294 0.01172371 0.01238297 0.01268883 0.01142388]
[0.00231481 0.00462963 0.00694444 0.00925926 0.01157407 0.01388889
 0.0162037  0.01851852 0.02083333 0.02314815 0.02546296 0.02777778
 0.03009259 0.03240741 0.03472222 0.03703704 0.03935185 0.04166667
 0.04398148 0.0462963  0.04861111 0.05092593 0.05324074 0.05555556
 0.05787037 0.06018519 0.0625     0.06481481 0.06712963 0.06944444]
Bi2Te3 80s T8 FFT Amplitude Array (First 30 Terms)
[0.1994395  0.09708429 0.07124251 0.04855298 0.03809528 0.03355065
 0.02810613 0.02522076 0.02215438 0.02083395 0.01710247 0.01739623
 0.01493197 0.013572   0.01271754 0.01275288 0.01186234 0.0109362
 0.01073829 0.00966678 0.00893265 0.00879899 0.00842329 0.0075013
 0.00791354 0.00746126 0.00701313 0.00669485 0.00624571 0.00620402]
[0.00231481 0.00462963 0.00694444 0.00925926 0.01157407 0.01388889
 0.0162037  0.01851852 0.02083333 0.02314815 0.02546296 0.02777778
 0.03009259 0.03240741 0.03472222 0.03703704 0.03935185 0.04166667
 0.04398148 0.0462963  0.04861111 0.05092593 0.05324074 0.05555556
 0.05787037 0.06018519 0.0625     0.06481481 0.06712963 0.06944444]
952
Bi2Te3 90s T7 FFT Amplitude Array (First 30 Terms)
[0.12430413 0.06285834 0.03022663 0.0171654  0.12346099 0.08608966
 0.04984874 0.03504593 0.03305476 0.02764323 0.02306484 0.02030059
 0.01769414 0.01533194 0.01593575 0.01580636 0.01501595 0.01313803
 0.01284476 0.0113641  0.01036315 0.01113628 0.00960166 0.00950059
 0.00839296 0.00861857 0.00787174 0.00835451 0.00726969 0.00702106]
[0.00210084 0.00420168 0.00630252 0.00840336 0.0105042  0.01260504
 0.01470588 0.01680672 0.01890756 0.0210084  0.02310924 0.02521008
 0.02731092 0.02941176 0.03151261 0.03361345 0.03571429 0.03781513
 0.03991597 0.04201681 0.04411765 0.04621849 0.04831933 0.05042017
 0.05252101 0.05462185 0.05672269 0.05882353 0.06092437 0.06302521]
Bi2Te3 90s T8 FFT Amplitude Array (First 30 Terms)
[0.06615079 0.02150844 0.01371184 0.00983984 0.0107481  0.00847497
 0.00604873 0.00523488 0.00533916 0.00541018 0.0050856  0.00436407
 0.00462655 0.00377291 0.00357904 0.0032644  0.00192278 0.0036782
 0.00340689 0.00310015 0.00268465 0.00271311 0.00216367 0.00220881
 0.00199747 0.0019891  0.00182139 0.00174383 0.00157438 0.00181036]
[0.00210084 0.00420168 0.00630252 0.00840336 0.0105042  0.01260504
 0.01470588 0.01680672 0.01890756 0.0210084  0.02310924 0.02521008
 0.02731092 0.02941176 0.03151261 0.03361345 0.03571429 0.03781513
 0.03991597 0.04201681 0.04411765 0.04621849 0.04831933 0.05042017
 0.05252101 0.05462185 0.05672269 0.05882353 0.06092437 0.06302521]
0.0023148148148148147
0.0021008403361344537
[0.013888888888888888+/-0.0011574074074074073, 0.010504201680672268+/-0.0010504201680672268]
