294.800000	1.292700
294.800000	1.288650
294.800000	1.280350
294.800000	1.294950
294.800000	1.286100
294.800000	1.288000
294.700000	1.279900
294.700000	1.287300
295.100000	1.286800
295.700000	1.306850
296.100000	1.308400
296.100000	1.281650
296.100000	1.286250
295.900000	1.308550
295.800000	1.247350
295.700000	1.276850
295.500000	1.291750
295.200000	1.275400
295.000000	1.289700
294.800000	1.263200
294.500000	1.276950
294.200000	1.288950
293.900000	1.282750
293.500000	1.276350
293.100000	1.281700
292.700000	1.305800
292.400000	1.270050
291.800000	1.284100
291.300000	1.294650
290.800000	1.266850
290.400000	1.270150
290.100000	1.293950
289.800000	1.250450
289.600000	1.257750
289.000000	1.294100
288.500000	1.273500
287.900000	1.263450
287.500000	1.223950
287.000000	1.273900
286.600000	1.281250
286.100000	1.269900
285.700000	1.265400
285.100000	1.370350
284.700000	1.287050
284.200000	1.260250
283.800000	1.261250
283.200000	1.278050
282.600000	1.244200
282.100000	1.239100
281.500000	1.263200
281.100000	1.247200
280.500000	1.233900
280.100000	1.325400
279.600000	1.217300
279.100000	1.252150
278.600000	1.233650
278.200000	1.236650
277.600000	1.168350
277.200000	1.271300
276.600000	1.222550
276.200000	1.234150
275.600000	1.243900
275.200000	1.227200
274.700000	1.231200
274.200000	1.213800
273.700000	1.178800
273.300000	1.227300
272.700000	1.246650
272.300000	1.205750
271.800000	1.234200
271.400000	1.222950
270.800000	1.206050
270.400000	1.207000
269.800000	1.227450
269.400000	1.204350
268.800000	1.189950
268.400000	1.217700
267.900000	1.204400
267.500000	1.216600
266.900000	1.190250
266.500000	1.199400
265.900000	1.204700
265.500000	1.212100
265.000000	1.191500
264.600000	1.209700
264.200000	1.195900
263.900000	1.191250
263.500000	1.182400
263.100000	1.196600
262.500000	1.187500
262.100000	1.207900
261.600000	1.193300
261.200000	1.153750
260.600000	1.201450
260.200000	1.196150
259.600000	1.162900
259.200000	1.188050
258.600000	1.194800
258.200000	1.180850
257.600000	1.162300
257.100000	1.182400
256.700000	1.166000
256.200000	1.154400
255.800000	1.181850
255.300000	1.151350
254.900000	1.159200
254.300000	1.167250
253.900000	1.149850
253.300000	1.170450
253.000000	1.162850
252.500000	1.151850
252.100000	1.157700
251.600000	1.166150
251.200000	1.137600
250.600000	1.157750
250.200000	1.151150
249.700000	1.146550
249.400000	1.161050
248.900000	1.150850
248.500000	1.144150
248.000000	1.138500
247.600000	1.146750
247.000000	1.146150
246.600000	1.144950
246.100000	1.147550
245.700000	1.103200
245.300000	1.125400
244.900000	1.119250
244.300000	1.111400
243.900000	1.127100
243.500000	1.137300
243.100000	1.104600
242.500000	1.125050
242.100000	1.134750
241.500000	1.128550
241.000000	1.111450
240.700000	1.136800
240.200000	1.103100
239.800000	1.097000
239.200000	1.116900
238.800000	1.118650
238.300000	1.131650
238.000000	1.085250
237.400000	1.103300
237.000000	1.107350
236.500000	1.113950
236.200000	1.091600
235.700000	1.119250
235.300000	1.101800
234.700000	1.087600
234.200000	1.106550
233.600000	1.094050
233.400000	1.085950
233.000000	1.114450
232.700000	1.082450
232.100000	1.085150
231.600000	1.111250
231.100000	1.129150
230.700000	1.080850
230.300000	1.094450
229.700000	1.077350
229.400000	1.063800
228.800000	1.099500
228.500000	1.076950
228.000000	1.057600
227.700000	1.095750
227.100000	1.076250
226.700000	1.065050
226.200000	1.095200
225.800000	1.054150
225.400000	1.061050
225.000000	1.082200
224.400000	1.068650
224.000000	1.077000
223.400000	1.079050
223.100000	1.047250
222.600000	1.070950
222.200000	1.070600
221.600000	1.050750
221.300000	1.070000
220.800000	1.074350
220.400000	1.028800
219.900000	1.053150
219.500000	1.063050
219.000000	1.030800
218.600000	1.054900
218.100000	1.047550
217.700000	1.060850
217.200000	1.037100
216.800000	1.072550
216.300000	1.026100
215.900000	1.040700
215.300000	1.038750
214.900000	1.043900
214.400000	1.025350
214.000000	1.063400
213.500000	1.031600
213.100000	1.011150
212.400000	1.048800
211.900000	1.018850
211.400000	1.016500
211.100000	1.054700
210.700000	1.011000
210.500000	1.009200
210.100000	1.023950
209.700000	1.019100
209.100000	0.995450
208.700000	1.040150
208.200000	0.996750
207.800000	1.002650
207.300000	1.043300
206.800000	1.020650
206.400000	1.000250
205.900000	1.018500
205.500000	1.037700
205.000000	1.000900
204.700000	1.026600
204.100000	0.990000
203.700000	1.005500
203.200000	1.013050
202.800000	0.987300
202.300000	1.005850
201.900000	1.012900
201.400000	0.995550
201.000000	0.995850
200.600000	1.019900
200.200000	0.959700
199.670000	0.980600
199.290000	1.014000
198.770000	0.973100
198.390000	0.964500
197.820000	0.978000
197.400000	0.957900
196.860000	0.993700
196.480000	1.003250
195.960000	0.971600
195.620000	0.995150
195.220000	0.971650
194.760000	0.954850
194.380000	0.983300
193.910000	0.975350
193.570000	0.938750
193.100000	0.946650
192.660000	0.984850
192.120000	0.951800
191.810000	0.950350
191.330000	0.984650
190.950000	0.957950
190.490000	0.992550
189.970000	1.038700
189.670000	0.935850
189.160000	0.952600
188.740000	0.967850
188.120000	0.933750
187.660000	0.965650
187.110000	0.965450
186.620000	0.953900
186.240000	0.949150
185.730000	0.942250
185.290000	0.901550
184.760000	1.054000
184.360000	0.929900
183.990000	0.944900
183.460000	0.957000
183.110000	0.926500
182.560000	0.927450
182.180000	0.937450
181.530000	0.925650
181.230000	0.912600
180.680000	0.926850
180.370000	0.946550
179.790000	0.906900
179.400000	0.915400
178.840000	0.917700
178.460000	0.924950
177.940000	0.915250
177.590000	0.940100
177.090000	0.917750
176.760000	0.918950
176.210000	0.938850
175.620000	0.888950
175.140000	0.943400
174.500000	0.921600
174.070000	0.891000
173.550000	0.915350
173.160000	0.916050
172.630000	0.894600
172.250000	0.908300
171.740000	0.895000
171.370000	0.883550
170.840000	0.919500
170.460000	0.916650
169.940000	0.884100
169.550000	0.904900
169.020000	0.886350
168.640000	0.873700
168.170000	0.921150
167.770000	0.900400
167.240000	0.903200
166.840000	0.891900
166.350000	0.882050
165.960000	0.893250
165.460000	0.885750
165.080000	0.887500
164.580000	0.855350
164.200000	0.878100
163.690000	0.915150
163.310000	0.859950
162.780000	0.876900
162.400000	0.917450
161.850000	0.844900
161.460000	0.868050
160.920000	0.897350
160.530000	0.881600
159.980000	0.855650
159.560000	0.881600
159.040000	0.877200
158.670000	0.864250
158.150000	0.887250
157.770000	0.833050
157.530000	0.863600
157.500000	0.873850
157.480000	0.847700
157.190000	0.848800
156.630000	0.864400
156.170000	0.879550
155.520000	0.851150
155.040000	0.866550
154.480000	0.855900
154.060000	0.851550
153.560000	0.859600
153.120000	0.836500
152.630000	0.841600
152.220000	0.836600
151.740000	0.848350
151.440000	0.849800
151.010000	0.849500
150.670000	0.841050
150.060000	0.852000
149.660000	0.848600
149.160000	0.817700
148.820000	0.844200
148.290000	0.838200
147.800000	0.839750
147.210000	0.803500
146.800000	0.808300
146.310000	0.825000
145.940000	0.809750
145.380000	0.832500
144.950000	0.789100
144.450000	0.843000
143.840000	0.832400
143.000000	0.810500
142.320000	0.812550
141.840000	0.846000
141.440000	0.815850
140.890000	0.838400
140.480000	0.814600
139.940000	0.775600
139.540000	0.804650
139.030000	0.823850
138.620000	0.786600
138.070000	0.785750
137.660000	0.801400
137.120000	0.792800
136.730000	0.775400
136.180000	0.798000
135.770000	0.797700
135.190000	0.798450
134.800000	0.804500
134.290000	0.796400
133.880000	0.817300
133.480000	0.807400
132.920000	0.783350
132.480000	0.783550
131.840000	0.797250
131.390000	0.775250
130.850000	0.799450
130.480000	0.797150
129.960000	0.789850
129.580000	0.777950
129.010000	0.785000
128.630000	0.764000
128.080000	0.780850
127.660000	0.776500
127.080000	0.792050
126.660000	0.757650
126.100000	0.759350
125.660000	0.749600
125.150000	0.771650
124.760000	0.769100
124.260000	0.772150
123.890000	0.762900
123.360000	0.770900
122.960000	0.768200
122.390000	0.781100
121.970000	0.764550
121.390000	0.746000
120.970000	0.754550
120.410000	0.745550
119.990000	0.739650
119.440000	0.726900
119.000000	0.745800
118.430000	0.738750
118.000000	0.734900
117.460000	0.754800
117.040000	0.741700
116.500000	0.743500
116.070000	0.736950
115.530000	0.741450
115.110000	0.712600
114.540000	0.748700
114.110000	0.727850
113.520000	0.716750
113.040000	0.725200
112.420000	0.726200
111.930000	0.688600
111.310000	0.727450
110.860000	0.710200
110.270000	0.706750
109.820000	0.730400
109.210000	0.713450
108.760000	0.712300
108.130000	0.718500
107.670000	0.694250
107.050000	0.681950
106.580000	0.713600
105.950000	0.696700
105.490000	0.693250
104.890000	0.699600
104.430000	0.686950
103.990000	0.680100
103.380000	0.699050
102.920000	0.679150
102.310000	0.660300
101.840000	0.688150
101.220000	0.673450
100.750000	0.659700
100.130000	0.665700
99.670000	0.660850
99.050000	0.652250
98.580000	0.692600
97.970000	0.668600
97.520000	0.617650
96.890000	0.685850
96.420000	0.654350
95.770000	0.624700
95.320000	0.674500
94.700000	0.635500
94.230000	0.614250
93.550000	0.667800
93.060000	0.628300
92.400000	0.605850
91.910000	0.641350
91.240000	0.611000
90.730000	0.601050
90.060000	0.624400
89.550000	0.594050
88.890000	0.578550
88.400000	0.566100
87.730000	0.554750
87.220000	0.513000
86.730000	0.439550
86.080000	0.341050
85.590000	0.182650
84.900000	0.081200
84.380000	0.038900
83.690000	-0.000100
83.210000	-0.000050
82.530000	-0.000050
82.000000	-0.000050
81.300000	0.019950
80.780000	0.000150
80.090000	-0.000050
79.580000	-0.031250
78.890000	0.000000
78.380000	-0.000050
77.680000	0.000050
77.140000	0.018450
76.380000	0.014900
75.810000	-0.000200
75.040000	0.015200
74.470000	0.000000
73.740000	0.014100
73.170000	-0.010000
72.400000	0.000050
71.820000	0.000200
71.050000	-0.013900
70.490000	0.000050
69.420000	0.014400
67.740000	0.000000
66.520000	-0.013900
65.740000	-0.000050
65.430000	-0.000200
65.150000	-0.000100
65.020000	0.000000
64.940000	-0.000150
64.910000	-0.000200
64.940000	-0.000150
64.990000	0.000000
65.100000	0.000100
65.190000	0.000100
65.330000	-0.016300
65.450000	0.000000
65.640000	0.016250
65.790000	0.000100
66.000000	-0.013050
66.160000	0.000050
66.380000	-0.000050
66.540000	-0.000300
66.720000	-0.000450
66.950000	0.000000
67.140000	0.000000
67.380000	0.000100
67.560000	0.000100
67.800000	0.000000
67.990000	-0.000050
68.220000	-0.000100
68.400000	0.000100
68.640000	0.000250
68.830000	-0.000050
69.070000	0.000050
69.250000	0.013850
69.490000	0.000000
69.670000	-0.000100
69.840000	-0.000050
70.070000	-0.000050
70.240000	-0.013150
70.470000	0.000100
70.650000	0.000100
70.880000	-0.000150
71.050000	0.018200
71.290000	0.000050
71.460000	0.000200
71.700000	-0.000050
71.860000	-0.014200
72.080000	0.000050
73.460000	-0.000050
75.250000	-0.000200
76.370000	0.000050
75.940000	0.000100
75.530000	0.000050
75.270000	-0.000050
75.380000	-0.000250
75.670000	-0.000400
76.160000	0.030550
76.220000	0.013800
75.950000	-0.017000
76.070000	-0.000150
76.170000	-0.000450
76.120000	-0.000450
76.220000	-0.000150
76.310000	-0.000050
76.500000	-0.000050
76.710000	-0.000350
76.970000	-0.000550
77.230000	-0.000700
77.380000	-0.000650
77.620000	-0.000550
77.700000	-0.013750
77.920000	0.000000
78.030000	-0.000050
78.210000	0.000000
78.470000	-0.000050
78.560000	-0.000250
78.780000	-0.000050
78.850000	-0.000250
79.070000	-0.000450
79.110000	-0.000350
79.280000	-0.000050
79.430000	0.000350
79.570000	0.000650
79.740000	0.000800
79.800000	0.014600
79.940000	-0.000150
80.090000	-0.000450
80.210000	-0.000600
80.290000	-0.012950
80.440000	-0.014450
80.510000	-0.000050
80.720000	0.000100
80.870000	0.000050
81.140000	0.000000
81.180000	0.000050
81.350000	0.000000
81.500000	0.000200
81.710000	0.028150
81.880000	0.000100
82.050000	0.000000
82.200000	-0.000200
82.360000	-0.000350
82.460000	-0.000350
82.540000	-0.016850
82.650000	0.000000
82.840000	-0.015050
83.000000	-0.013800
83.180000	0.000050
83.290000	0.000150
83.520000	0.000100
83.620000	0.000350
83.750000	0.000550
83.800000	0.000550
83.900000	0.000450
84.030000	-0.000050
84.220000	-0.000150
84.340000	-0.013900
84.490000	0.000000
84.680000	0.000000
84.770000	-0.015800
84.950000	-0.000050
85.040000	0.000050
85.150000	0.015550
85.230000	-0.000050
85.430000	-0.000050
85.610000	-0.000250
85.750000	-0.000450
85.990000	0.013750
86.170000	0.014900
86.250000	0.015900
86.310000	0.000050
86.450000	0.000150
86.640000	0.000000
86.840000	-0.000050
86.970000	0.000200
87.150000	0.000500
87.190000	0.000450
87.320000	-0.000050
87.380000	0.000050
87.570000	0.000150
87.630000	0.000100
87.760000	-0.014300
87.900000	-0.014300
88.030000	-0.000100
88.110000	-0.000300
88.250000	-0.000450
88.420000	-0.014050
88.510000	-0.000150
88.720000	-0.000300
88.900000	0.000000
89.150000	0.000150
89.170000	-0.000100
89.310000	-0.012850
89.340000	0.000000
89.490000	0.000150
89.650000	0.000100
89.830000	0.014650
89.910000	-0.000050
89.970000	0.033100
90.120000	0.061850
90.250000	0.088650
90.410000	0.125500
90.520000	0.147600
90.690000	0.195750
90.790000	0.224350
90.910000	0.257150
90.970000	0.295400
91.040000	0.351950
91.170000	0.410050
91.350000	0.430250
91.490000	0.479250
91.690000	0.502200
91.810000	0.534300
91.910000	0.556550
92.080000	0.560000
92.240000	0.559500
92.390000	0.559200
92.570000	0.564750
92.760000	0.574450
92.950000	0.569500
93.010000	0.581750
93.080000	0.582950
93.120000	0.590250
93.220000	0.567100
93.290000	0.575250
93.380000	0.591650
93.430000	0.576650
93.670000	0.584600
93.790000	0.601600
93.840000	0.602450
93.900000	0.601000
93.950000	0.599450
94.060000	0.607900
94.330000	0.593100
94.450000	0.601850
94.560000	0.610850
94.750000	0.605050
94.850000	0.599500
95.110000	0.607850
95.160000	0.611150
95.340000	0.617300
95.320000	0.612250
95.440000	0.615750
95.510000	0.602000
95.650000	0.613500
95.780000	0.609750
95.890000	0.620500
96.030000	0.617550
96.100000	0.616600
96.120000	0.623950
96.280000	0.627500
96.380000	0.614300
96.460000	0.619000
96.310000	0.631750
96.140000	0.620350
95.880000	0.621800
95.840000	0.629950
95.980000	0.617700
96.080000	0.615600
96.200000	0.626350
96.280000	0.620900
96.410000	0.631900
96.500000	0.636650
96.640000	0.632050
96.730000	0.626700
96.860000	0.628850
96.950000	0.633950
97.080000	0.635950
97.520000	0.641650
98.150000	0.642450
98.600000	0.632900
98.730000	0.630600
98.800000	0.629150
98.890000	0.636350
98.960000	0.631300
99.080000	0.633950
99.160000	0.635350
99.300000	0.643450
99.370000	0.635650
99.560000	0.643700
99.600000	0.632150
99.670000	0.646050
99.800000	0.639950
99.900000	0.637150
99.950000	0.645900
100.040000	0.652750
100.180000	0.642800
100.350000	0.657800
100.440000	0.646550
100.590000	0.638800
100.680000	0.655500
100.750000	0.648500
100.770000	0.646750
100.870000	0.645350
101.060000	0.660900
101.160000	0.652200
101.200000	0.658050
101.220000	0.647450
101.150000	0.651800
101.010000	0.667950
100.750000	0.649400
100.730000	0.649050
100.850000	0.658350
100.940000	0.663900
101.420000	0.666650
101.850000	0.660900
102.410000	0.672250
102.480000	0.661050
102.560000	0.664700
102.690000	0.651650
102.830000	0.664350
102.980000	0.670900
103.070000	0.665650
103.060000	0.665400
103.170000	0.650500
103.290000	0.664900
103.390000	0.679700
103.430000	0.671200
103.490000	0.667650
103.630000	0.678700
103.680000	0.664200
103.740000	0.666300
103.810000	0.668300
103.930000	0.667300
104.040000	0.664250
104.170000	0.670400
104.300000	0.670500
104.420000	0.666300
104.520000	0.658350
104.560000	0.664250
104.620000	0.674950
104.750000	0.670950
104.770000	0.673200
104.930000	0.683150
104.990000	0.663250
105.110000	0.675100
105.340000	0.681550
105.530000	0.685850
105.690000	0.680650
105.660000	0.667850
105.740000	0.671050
105.830000	0.678650
105.930000	0.687300
106.010000	0.686100
106.100000	0.682000
106.150000	0.678600
106.220000	0.676350
106.300000	0.680400
106.450000	0.680900
106.610000	0.691000
106.790000	0.684850
106.860000	0.670850
106.850000	0.663900
106.900000	0.694500
106.970000	0.688600
107.160000	0.693200
107.240000	0.676700
107.290000	0.687450
107.340000	0.687300
107.460000	0.697150
107.610000	0.689450
107.650000	0.681950
107.750000	0.678000
107.830000	0.682950
107.970000	0.687900
108.060000	0.679400
108.240000	0.689200
108.320000	0.696100
108.400000	0.695600
108.410000	0.694700
108.560000	0.687800
108.700000	0.694850
108.880000	0.690950
108.990000	0.696950
109.080000	0.702350
109.180000	0.684600
109.190000	0.692400
109.300000	0.689750
109.380000	0.692450
109.510000	0.693700
109.640000	0.691950
109.800000	0.702450
109.900000	0.695450
109.960000	0.699150
109.960000	0.696900
110.100000	0.694400
110.260000	0.691150
110.340000	0.706650
110.400000	0.698550
110.460000	0.701600
110.470000	0.692500
110.570000	0.697100
110.640000	0.697350
110.720000	0.697150
110.830000	0.685400
110.930000	0.695500
111.140000	0.697650
111.270000	0.705900
111.410000	0.705800
111.430000	0.721300
111.620000	0.698750
111.680000	0.684900
111.810000	0.708450
111.750000	0.696000
111.830000	0.703000
111.920000	0.701300
112.080000	0.695400
112.210000	0.704150
112.310000	0.717400
112.490000	0.705600
112.640000	0.702450
112.830000	0.707750
113.010000	0.706300
113.090000	0.714550
113.030000	0.709000
112.940000	0.722850
113.020000	0.692050
113.090000	0.707550
113.200000	0.704300
113.290000	0.707200
113.540000	0.706300
113.610000	0.715550
113.710000	0.719200
113.760000	0.708650
113.860000	0.702900
113.910000	0.714750
114.130000	0.708450
114.200000	0.714350
114.340000	0.716350
114.430000	0.714800
114.570000	0.720400
114.650000	0.721250
114.640000	0.719450
114.700000	0.702300
114.780000	0.717000
114.960000	0.710650
115.020000	0.715150
115.140000	0.718200
115.270000	0.717650
115.470000	0.714750
115.500000	0.716800
115.660000	0.723050
115.630000	0.723150
115.780000	0.712350
115.790000	0.715600
115.830000	0.726150
115.870000	0.729350
115.970000	0.727300
116.230000	0.723450
116.250000	0.730000
116.330000	0.720100
116.310000	0.711700
116.270000	0.729600
116.130000	0.727150
115.920000	0.717300
115.920000	0.735600
116.030000	0.714550
116.100000	0.724850
116.210000	0.722500
116.290000	0.736650
116.410000	0.729500
116.490000	0.717050
116.590000	0.717750
116.670000	0.726100
116.770000	0.733700
116.850000	0.726250
116.970000	0.709550
117.050000	0.721550
117.150000	0.729550
117.220000	0.719250
117.320000	0.736550
117.390000	0.736900
117.480000	0.726250
117.560000	0.738200
117.660000	0.734550
118.080000	0.730300
118.610000	0.732000
119.020000	0.730900
119.050000	0.735050
119.140000	0.727550
119.200000	0.729100
119.240000	0.719200
119.280000	0.734050
119.280000	0.740900
119.380000	0.723250
119.520000	0.725750
119.610000	0.741850
119.720000	0.736200
119.750000	0.745800
119.820000	0.736000
119.890000	0.721450
119.930000	0.732450
120.190000	0.725250
120.350000	0.730500
120.440000	0.756350
120.400000	0.740400
120.450000	0.738750
120.560000	0.729900
120.640000	0.743150
120.630000	0.738150
120.720000	0.737550
120.800000	0.732450
120.650000	0.740550
120.480000	0.742750
120.300000	0.727400
120.370000	0.733200
120.470000	0.744950
120.540000	0.736250
120.640000	0.742650
120.720000	0.746450
121.060000	0.738650
121.410000	0.726550
121.890000	0.746800
121.980000	0.744850
122.090000	0.743850
122.140000	0.724950
122.210000	0.736450
122.230000	0.744450
122.330000	0.744650
122.370000	0.751000
122.470000	0.745400
122.530000	0.748050
122.730000	0.740150
122.820000	0.744350
122.890000	0.745150
122.880000	0.742800
122.960000	0.749850
123.110000	0.754700
123.140000	0.747850
123.210000	0.755550
123.280000	0.741350
123.420000	0.750000
123.480000	0.749400
123.560000	0.751400
123.740000	0.754100
123.840000	0.743000
123.920000	0.748700
123.910000	0.754100
123.980000	0.750950
124.000000	0.744850
124.080000	0.754100
124.180000	0.755000
124.290000	0.748350
124.360000	0.743600
124.440000	0.743900
124.580000	0.751350
124.740000	0.766850
124.830000	0.728650
125.020000	0.740200
125.000000	0.748500
125.070000	0.750950
125.010000	0.756000
125.290000	0.760650
125.400000	0.753200
125.510000	0.751100
125.460000	0.757150
125.490000	0.761250
125.540000	0.766000
125.640000	0.761150
125.730000	0.745100
125.860000	0.746400
125.980000	0.754650
126.100000	0.765450
126.150000	0.755600
126.190000	0.749950
126.330000	0.763550
126.640000	0.753950
126.340000	0.762350
126.030000	0.763650
125.640000	0.749300
125.720000	0.756350
125.820000	0.743150
125.890000	0.746500
125.990000	0.753450
126.050000	0.767250
126.140000	0.762250
126.210000	0.761300
126.310000	0.762800
126.370000	0.757000
126.460000	0.755850
126.530000	0.752200
126.630000	0.767600
126.690000	0.779750
126.770000	0.755550
126.830000	0.755250
126.920000	0.756400
126.980000	0.758500
127.070000	0.762450
127.150000	0.768700
127.270000	0.766400
127.360000	0.771800
127.470000	0.767950
127.530000	0.763550
127.610000	0.751300
127.680000	0.765700
127.790000	0.760100
127.870000	0.763000
127.990000	0.766000
128.080000	0.774150
128.170000	0.763650
128.230000	0.765300
128.310000	0.756200
128.380000	0.762550
128.480000	0.771100
128.550000	0.765500
128.620000	0.767500
128.710000	0.769500
128.780000	0.768450
128.870000	0.772750
128.940000	0.779400
129.040000	0.770800
129.100000	0.761700
129.200000	0.765500
129.260000	0.764050
129.340000	0.770250
129.410000	0.769000
129.510000	0.768350
129.580000	0.772500
129.670000	0.768850
129.740000	0.786400
129.830000	0.771350
129.910000	0.742450
130.000000	0.766750
130.070000	0.772650
130.160000	0.784750
130.230000	0.775800
130.330000	0.771600
130.400000	0.772800
130.480000	0.778300
130.550000	0.775950
130.650000	0.781200
130.720000	0.779450
130.810000	0.768900
130.880000	0.769550
130.970000	0.767150
131.030000	0.772850
131.120000	0.773050
131.190000	0.779550
131.280000	0.777450
131.350000	0.777800
131.440000	0.779850
131.500000	0.780400
131.590000	0.776450
131.660000	0.772500
131.760000	0.783750
131.830000	0.777800
131.900000	0.768950
132.000000	0.773750
132.080000	0.780250
132.160000	0.778650
132.230000	0.778450
132.320000	0.781950
132.390000	0.776850
132.480000	0.772350
132.550000	0.783350
132.650000	0.777200
132.720000	0.781150
132.820000	0.786900
132.890000	0.787550
132.980000	0.791200
133.050000	0.801950
133.150000	0.781200
133.220000	0.779950
133.310000	0.775650
133.380000	0.784150
133.470000	0.777200
133.530000	0.779200
133.620000	0.773250
133.690000	0.782950
133.770000	0.795350
133.840000	0.786150
133.910000	0.776050
134.010000	0.781950
134.070000	0.784000
134.170000	0.781200
134.240000	0.789850
134.330000	0.792800
134.400000	0.793800
134.490000	0.786800
134.550000	0.789050
134.650000	0.781150
134.720000	0.788800
134.810000	0.783450
134.870000	0.791100
134.970000	0.790200
135.040000	0.786750
135.140000	0.787600
135.220000	0.784950
135.310000	0.790000
135.380000	0.791500
135.450000	0.788650
135.520000	0.788900
135.620000	0.786200
135.690000	0.792500
135.780000	0.795950
135.850000	0.785700
135.950000	0.793000
136.010000	0.793300
136.110000	0.786250
136.170000	0.800900
136.270000	0.789800
136.340000	0.791350
136.440000	0.780850
136.520000	0.782250
136.610000	0.796900
136.670000	0.789750
136.750000	0.783450
136.830000	0.802450
136.930000	0.798150
137.000000	0.797250
137.090000	0.789150
137.170000	0.799800
137.260000	0.798450
137.330000	0.807050
137.430000	0.794450
137.500000	0.790400
137.600000	0.796800
137.670000	0.799500
137.740000	0.797450
137.820000	0.799700
137.890000	0.787800
137.980000	0.797600
138.060000	0.800350
138.160000	0.803800
138.240000	0.789500
138.340000	0.796900
138.400000	0.834200
138.500000	0.797450
138.560000	0.801100
138.650000	0.808550
138.720000	0.788350
138.830000	0.796850
138.910000	0.795100
139.010000	0.793600
139.070000	0.804100
139.140000	0.813200
139.180000	0.793300
139.260000	0.802600
139.320000	0.798700
139.400000	0.786050
139.470000	0.804650
139.550000	0.802000
139.620000	0.798900
139.710000	0.804650
139.780000	0.803400
139.880000	0.796650
139.950000	0.809300
140.040000	0.807400
140.090000	0.804600
140.180000	0.805850
140.240000	0.803000
140.340000	0.805100
140.410000	0.807950
140.500000	0.797800
140.580000	0.802800
140.670000	0.806800
140.730000	0.808550
140.810000	0.804400
140.860000	0.808750
140.930000	0.808100
140.990000	0.813200
141.080000	0.812500
141.160000	0.812100
141.240000	0.803300
141.320000	0.803550
141.380000	0.808000
141.460000	0.804150
141.520000	0.805100
141.600000	0.808600
141.660000	0.804900
141.740000	0.815350
141.800000	0.819400
141.880000	0.816200
141.940000	0.808400
142.030000	0.808450
142.090000	0.812650
142.170000	0.819100
142.240000	0.811600
142.320000	0.808950
142.390000	0.809900
142.470000	0.809600
142.530000	0.815250
142.610000	0.811200
142.680000	0.807700
142.770000	0.814200
142.830000	0.815250
142.910000	0.817050
142.980000	0.820100
143.060000	0.806450
143.130000	0.806250
143.210000	0.813400
143.280000	0.810650
143.360000	0.818850
143.420000	0.813850
143.500000	0.815000
143.570000	0.814400
143.650000	0.817150
143.710000	0.818250
143.790000	0.815700
143.850000	0.816500
143.930000	0.816700
144.000000	0.814700
144.080000	0.813250
144.150000	0.813700
144.230000	0.811250
144.290000	0.817350
144.370000	0.823500
144.440000	0.812600
144.520000	0.816150
144.580000	0.811050
144.670000	0.819350
144.720000	0.821450
144.810000	0.819250
144.870000	0.821650
144.960000	0.817850
145.010000	0.821450
145.090000	0.818400
145.150000	0.815900
145.240000	0.819600
145.310000	0.819850
145.390000	0.819150
145.450000	0.818350
145.540000	0.816350
145.600000	0.815850
145.680000	0.814250
145.740000	0.827100
145.820000	0.822850
145.890000	0.826000
145.960000	0.815650
146.020000	0.816200
146.100000	0.821600
146.170000	0.824250
146.250000	0.825000
146.320000	0.825900
146.390000	0.814300
146.460000	0.824650
146.530000	0.820250
146.590000	0.825200
146.670000	0.822400
146.730000	0.821100
146.810000	0.826250
146.870000	0.821850
146.950000	0.824800
147.010000	0.828150
147.090000	0.827850
147.150000	0.825500
147.230000	0.822050
147.290000	0.827100
147.380000	0.826850
147.440000	0.828050
147.520000	0.825300
147.580000	0.827800
147.660000	0.824000
147.720000	0.830750
147.800000	0.821600
147.860000	0.820000
147.940000	0.827500
148.000000	0.835250
148.090000	0.828650
148.150000	0.821550
148.230000	0.830550
148.290000	0.828100
148.370000	0.833350
148.430000	0.836700
148.500000	0.830200
148.570000	0.829550
148.650000	0.815700
148.720000	0.829450
148.780000	0.829350
148.860000	0.828850
148.920000	0.830800
149.000000	0.831200
149.060000	0.827900
149.150000	0.833600
149.220000	0.833400
149.300000	0.834400
149.360000	0.833200
149.430000	0.834700
149.490000	0.821750
149.580000	0.829800
149.650000	0.833350
149.730000	0.844200
149.780000	0.837250
149.860000	0.838400
149.920000	0.830000
150.010000	0.832300
150.070000	0.833650
150.160000	0.845250
150.210000	0.835800
150.290000	0.838550
150.350000	0.833300
150.430000	0.832950
150.490000	0.840500
150.580000	0.838450
150.640000	0.837550
150.730000	0.839550
150.800000	0.840450
150.880000	0.836800
150.950000	0.848850
151.010000	0.842850
151.090000	0.840450
151.140000	0.842150
151.220000	0.839500
151.290000	0.836150
151.370000	0.835400
151.430000	0.840100
151.510000	0.841250
151.570000	0.842900
151.650000	0.843650
151.710000	0.827700
151.790000	0.848550
151.850000	0.839600
151.940000	0.838400
152.000000	0.855450
152.080000	0.860750
152.140000	0.849300
152.210000	0.839550
152.270000	0.849050
152.350000	0.857000
152.410000	0.839300
152.480000	0.843200
152.540000	0.839550
152.620000	0.831650
152.680000	0.835100
152.760000	0.831000
152.820000	0.845150
152.910000	0.839200
152.980000	0.841250
153.070000	0.851600
153.150000	0.844000
153.250000	0.837800
153.330000	0.838700
153.440000	0.843250
153.510000	0.837150
153.610000	0.849900
153.690000	0.849100
153.790000	0.845850
153.870000	0.847050
153.960000	0.851500
154.070000	0.846400
154.190000	0.854400
154.270000	0.848100
154.380000	0.855050
154.470000	0.855150
154.570000	0.850600
154.650000	0.852400
154.760000	0.846050
154.840000	0.846400
154.940000	0.845650
155.060000	0.852600
155.150000	0.857400
155.270000	0.865650
155.360000	0.852000
155.470000	0.851650
155.550000	0.854900
155.670000	0.846600
155.750000	0.854900
155.870000	0.852850
155.960000	0.856450
156.070000	0.852400
156.150000	0.857550
156.270000	0.855000
156.350000	0.849800
156.470000	0.847650
156.550000	0.852300
156.680000	0.855250
156.760000	0.855450
156.880000	0.864100
156.960000	0.853300
157.080000	0.856950
157.160000	0.862700
157.280000	0.859300
157.360000	0.861100
157.470000	0.852900
157.560000	0.857950
157.670000	0.858750
157.750000	0.863050
157.870000	0.857150
157.960000	0.864750
158.070000	0.857800
158.160000	0.859950
158.270000	0.869500
158.350000	0.861300
158.470000	0.862050
158.550000	0.853650
158.670000	0.871450
158.750000	0.860150
158.860000	0.872250
158.950000	0.863350
159.070000	0.857750
159.150000	0.858500
159.250000	0.865550
159.340000	0.858300
159.450000	0.864600
159.540000	0.865750
159.620000	0.866850
159.740000	0.863700
159.830000	0.862400
159.940000	0.882250
160.030000	0.858150
160.140000	0.878250
160.220000	0.871750
160.340000	0.866300
160.430000	0.865400
160.540000	0.877450
160.620000	0.862450
160.730000	0.861150
160.810000	0.870450
160.930000	0.869700
161.030000	0.871350
161.140000	0.873700
161.230000	0.871550
161.340000	0.866050
161.420000	0.870500
161.530000	0.870050
161.620000	0.865300
161.720000	0.870100
161.810000	0.868550
161.910000	0.873900
162.000000	0.871400
162.110000	0.879650
162.200000	0.876250
162.310000	0.877600
162.390000	0.867350
162.500000	0.873400
162.590000	0.870500
162.700000	0.878100
162.790000	0.875650
162.900000	0.875000
162.980000	0.877200
163.100000	0.879200
163.180000	0.872900
163.290000	0.876700
163.370000	0.873900
163.480000	0.877600
163.560000	0.876650
163.670000	0.881800
163.750000	0.881550
163.860000	0.878900
163.950000	0.880250
164.060000	0.882300
164.160000	0.885550
164.300000	0.870300
164.380000	0.869550
164.480000	0.877000
164.550000	0.880800
164.670000	0.873750
164.760000	0.881800
164.880000	0.882550
164.960000	0.888900
165.070000	0.886700
165.150000	0.884400
165.260000	0.884850
165.330000	0.880450
165.440000	0.878900
165.510000	0.881050
165.620000	0.885950
165.700000	0.892550
165.800000	0.879900
165.870000	0.881800
165.980000	0.888400
166.050000	0.885700
166.150000	0.886550
166.250000	0.883050
166.330000	0.887100
166.440000	0.890750
166.510000	0.889250
166.620000	0.887350
166.690000	0.883550
166.800000	0.886250
166.880000	0.888650
166.980000	0.888900
167.060000	0.887500
167.160000	0.885950
167.240000	0.888700
167.350000	0.887100
167.430000	0.884900
167.540000	0.891400
167.620000	0.891450
167.720000	0.889850
167.800000	0.886350
167.890000	0.890300
167.970000	0.895250
168.060000	0.897550
168.140000	0.893150
168.240000	0.899350
168.320000	0.894150
168.420000	0.895650
168.500000	0.889500
168.600000	0.894050
168.670000	0.892350
168.770000	0.890600
168.850000	0.892050
168.950000	0.889850
169.020000	0.888700
169.120000	0.904150
169.200000	0.890500
169.300000	0.894850
169.370000	0.892450
169.470000	0.889450
169.550000	0.895650
169.640000	0.902750
169.720000	0.900050
169.820000	0.892350
169.900000	0.893350
170.000000	0.903350
170.070000	0.901000
170.170000	0.902750
170.250000	0.890750
170.350000	0.899700
170.430000	0.890200
170.530000	0.889650
170.600000	0.899050
170.700000	0.896600
170.780000	0.896300
170.880000	0.900750
170.980000	0.905300
171.060000	0.903100
171.150000	0.895900
171.230000	0.899950
171.330000	0.900000
171.400000	0.906650
171.500000	0.897250
171.580000	0.906800
171.680000	0.901400
171.760000	0.897550
171.850000	0.902000
171.930000	0.901950
172.030000	0.900850
172.100000	0.911450
172.210000	0.906050
172.280000	0.904500
172.380000	0.897700
172.450000	0.902100
172.550000	0.903950
172.620000	0.905450
172.730000	0.904750
172.800000	0.907650
172.900000	0.901650
172.970000	0.899250
173.070000	0.904350
173.150000	0.901550
173.250000	0.919650
173.320000	0.908200
173.420000	0.905900
173.490000	0.906100
173.590000	0.908400
173.670000	0.914600
173.740000	0.909500
173.840000	0.906400
173.910000	0.902550
174.010000	0.907450
174.110000	0.907400
174.180000	0.913350
174.280000	0.913550
174.360000	0.908050
174.460000	0.903350
174.530000	0.912600
174.620000	0.909000
174.690000	0.915550
174.780000	0.909950
174.860000	0.917700
174.960000	0.910300
175.030000	0.911800
175.120000	0.912550
175.190000	0.920350
175.290000	0.914550
175.360000	0.919650
175.450000	0.902300
175.530000	0.909350
175.620000	0.916000
175.690000	0.921700
175.780000	0.916150
175.850000	0.914600
175.940000	0.914600
176.010000	0.917550
176.110000	0.917600
176.180000	0.916850
176.290000	0.915800
176.360000	0.910850
176.460000	0.911600
176.540000	0.912800
176.630000	0.921850
176.700000	0.912450
176.790000	0.912850
176.870000	0.919650
176.960000	0.915950
177.040000	0.922700
177.130000	0.919100
177.200000	0.914550
177.290000	0.918050
177.370000	0.926250
177.460000	0.927200
177.540000	0.920700
177.630000	0.922900
177.710000	0.919150
177.800000	0.919850
177.880000	0.921650
177.970000	0.923850
178.040000	0.923350
178.130000	0.923050
178.200000	0.923300
178.290000	0.924800
178.360000	0.930550
178.460000	0.927500
178.520000	0.925700
178.610000	0.923000
178.680000	0.921250
178.770000	0.926750
178.840000	0.932350
178.940000	0.925650
179.010000	0.924900
179.100000	0.933700
179.180000	0.929850
179.270000	0.928450
179.350000	0.929150
179.440000	0.925900
179.510000	0.918300
179.610000	0.911550
179.690000	0.927900
179.780000	0.928550
179.850000	0.929850
179.940000	0.929900
180.010000	0.929250
180.100000	0.930150
180.170000	0.927500
180.260000	0.931700
180.330000	0.932250
180.420000	0.932050
180.500000	0.934000
180.590000	0.934250
180.660000	0.930900
180.750000	0.938000
180.810000	0.935300
180.900000	0.931700
180.950000	0.932950
181.040000	0.937250
181.100000	0.929300
181.190000	0.925100
181.270000	0.930300
181.370000	0.934600
181.430000	0.935350
181.530000	0.935450
181.600000	0.927250
181.690000	0.933300
181.760000	0.938850
181.860000	0.936850
181.930000	0.932400
182.020000	0.932050
182.090000	0.932350
182.180000	0.934400
182.260000	0.941400
182.350000	0.932950
182.410000	0.933300
182.510000	0.932800
182.580000	0.938650
182.670000	0.936150
182.740000	0.935250
182.830000	0.938100
182.900000	0.943250
182.990000	0.946100
183.070000	0.940300
183.170000	0.935750
183.240000	0.937400
183.330000	0.946900
183.400000	0.953700
183.490000	0.931550
183.560000	0.925650
183.650000	0.938100
183.720000	0.941500
183.820000	0.934650
183.890000	0.942150
183.980000	0.938850
184.040000	0.946400
184.130000	0.941250
184.200000	0.941750
184.290000	0.944300
184.360000	0.944450
184.450000	0.934550
184.520000	0.944750
184.620000	0.946150
184.690000	0.945850
184.780000	0.939250
184.850000	0.941850
184.950000	0.940050
185.010000	0.946500
185.100000	0.943600
185.170000	0.946250
185.250000	0.945050
185.320000	0.939950
185.420000	0.936100
185.490000	0.942800
185.570000	0.947800
185.640000	0.950250
185.730000	0.946400
185.800000	0.939100
185.900000	0.944200
185.960000	0.949950
186.050000	0.956600
186.120000	0.944550
186.210000	0.947400
186.280000	0.946750
186.370000	0.949650
186.430000	0.948550
186.520000	0.945250
186.590000	0.946550
186.690000	0.952650
186.750000	0.947900
186.840000	0.952150
186.910000	0.945350
187.000000	0.948850
187.070000	0.952600
187.160000	0.954150
187.230000	0.950100
187.320000	0.946750
187.390000	0.949750
187.470000	0.952000
187.540000	0.962650
187.630000	0.959050
187.700000	0.950150
187.790000	0.951400
187.860000	0.959400
187.940000	0.950850
188.010000	0.951650
188.100000	0.952750
188.160000	0.954650
188.250000	0.952450
188.320000	0.952950
188.410000	0.956300
188.480000	0.952450
188.570000	0.948850
188.640000	0.954100
188.730000	0.958050
188.800000	0.954650
188.890000	0.954700
188.950000	0.951650
189.050000	0.951850
189.110000	0.961450
189.210000	0.960550
189.270000	0.957800
189.350000	0.951400
189.420000	0.959900
189.500000	0.963600
189.580000	0.958300
189.660000	0.961450
189.730000	0.960150
189.820000	0.966400
189.890000	0.960500
189.980000	0.959900
190.050000	0.962000
190.130000	0.961500
190.190000	0.953400
190.280000	0.958150
190.350000	0.963550
190.440000	0.957550
190.510000	0.957650
190.600000	0.963750
190.670000	0.958850
190.750000	0.962650
190.810000	0.959100
190.890000	0.967800
190.960000	0.961100
191.030000	0.963900
191.110000	0.961450
191.180000	0.961500
191.270000	0.959900
191.330000	0.968100
191.420000	0.964500
191.490000	0.963450
191.570000	0.966650
191.630000	0.964750
191.720000	0.967800
191.790000	0.960000
191.870000	0.973400
191.940000	0.968900
192.030000	0.962700
192.100000	0.958850
192.190000	0.968600
192.270000	0.970550
192.350000	0.969150
192.420000	0.964100
192.500000	0.968650
192.570000	0.961300
192.650000	0.969550
192.720000	0.971850
192.810000	0.967300
192.870000	0.974150
192.960000	0.966150
193.020000	0.962400
193.110000	0.965300
193.170000	0.971000
193.250000	0.967700
193.320000	0.966750
193.400000	0.971250
193.470000	0.973950
193.560000	0.974200
193.630000	0.979550
193.710000	0.969750
193.770000	0.965300
193.860000	0.970200
193.930000	0.971800
194.020000	0.970200
194.080000	0.972850
194.160000	0.975600
194.230000	0.972450
194.310000	0.968850
194.380000	0.975100
194.460000	0.972250
194.530000	0.970850
194.610000	0.975000
194.680000	0.983150
194.780000	0.972800
194.850000	0.975550
194.910000	0.976200
195.000000	0.969750
195.080000	0.970650
195.140000	0.971950
195.220000	0.975800
195.280000	0.977400
195.370000	0.979000
195.430000	0.975950
195.510000	0.974650
195.570000	0.973650
195.650000	0.981950
195.710000	0.977850
195.790000	0.980450
195.860000	0.978200
195.940000	0.975300
196.030000	0.982700
196.090000	0.978750
196.170000	0.978850
196.240000	0.976400
196.320000	0.972250
196.390000	0.975750
196.470000	0.982900
196.530000	0.999150
196.620000	0.977700
196.680000	0.974850
196.760000	0.976850
196.820000	0.981350
196.910000	0.983850
196.970000	0.980750
197.040000	0.976250
197.110000	0.981400
197.190000	0.978100
197.250000	0.991700
197.340000	0.984300
197.400000	0.984700
197.480000	0.978050
197.540000	0.979400
197.620000	0.982650
197.700000	0.980000
197.760000	0.987150
197.840000	0.989100
197.900000	0.982750
197.990000	0.987450
198.050000	0.982700
198.130000	0.980900
198.190000	0.987550
198.260000	0.987650
198.320000	0.984400
198.410000	0.986950
198.470000	0.985700
198.550000	0.987150
198.610000	0.982900
198.690000	0.987700
198.750000	0.984350
198.830000	0.991500
198.890000	0.981300
198.970000	0.983700
199.040000	0.982500
199.120000	0.983650
199.180000	0.986550
199.260000	0.990750
199.320000	0.992200
199.400000	0.990450
199.470000	0.991100
199.550000	0.988100
199.600000	0.991500
199.680000	0.985000
199.740000	0.992700
199.820000	0.993950
199.880000	0.987350
199.960000	0.990450
200.000000	0.990350
200.100000	0.987800
200.200000	0.985200
200.200000	0.993250
200.300000	0.989900
200.400000	0.994700
200.500000	0.988800
200.500000	0.988250
200.600000	0.994000
200.700000	0.992950
200.700000	0.989100
200.800000	0.995600
200.900000	0.991750
200.900000	0.998600
201.000000	0.997350
201.100000	0.998450
201.200000	0.996500
201.200000	0.991250
201.300000	0.991750
201.400000	0.991800
201.400000	0.990900
201.500000	0.992550
201.600000	1.001300
201.600000	0.997900
201.700000	0.997300
201.800000	0.995900
201.900000	0.997900
201.900000	0.989950
202.000000	0.995700
202.100000	0.997850
202.100000	0.999950
202.200000	0.999950
202.300000	0.994700
202.400000	0.996900
202.400000	0.999750
202.500000	0.999450
202.600000	0.995000
202.600000	0.994150
202.700000	0.998500
202.800000	0.995800
202.900000	1.001400
202.900000	1.003650
203.000000	1.002000
203.100000	1.000150
203.100000	0.994050
203.200000	1.003350
203.300000	1.003750
203.400000	0.990000
203.400000	1.003000
203.500000	1.001150
203.600000	1.005750
203.600000	1.005450
203.700000	1.000100
203.800000	1.002950
203.800000	0.999250
203.900000	0.994650
204.000000	1.006000
204.100000	1.005750
204.100000	1.006750
204.200000	1.014900
204.300000	1.008150
204.300000	1.000950
204.400000	0.999500
204.500000	0.998100
204.500000	1.006400
204.600000	1.002550
204.700000	1.010450
204.800000	1.007650
204.800000	1.014550
204.900000	1.004100
205.000000	1.002650
205.100000	1.008000
205.100000	0.997600
205.200000	1.010100
205.300000	1.008550
205.300000	1.004750
205.400000	1.010650
205.500000	1.016550
205.500000	1.002450
205.600000	1.007400
205.700000	1.006050
205.800000	1.004000
205.800000	1.003550
205.900000	1.002550
206.000000	1.010800
206.000000	1.008950
206.100000	1.010700
206.200000	1.008250
206.300000	1.006700
206.300000	1.008700
206.400000	1.011700
206.500000	1.016950
206.500000	1.009100
206.600000	1.013600
206.700000	1.009750
206.700000	1.008050
206.800000	1.010400
206.900000	1.009150
207.000000	1.010050
207.000000	1.014000
207.100000	1.013900
207.200000	1.007600
207.200000	1.010200
207.300000	1.020350
207.400000	1.010550
207.400000	1.018000
207.500000	1.010000
207.600000	1.018900
207.700000	1.018650
207.700000	1.013450
207.800000	1.011900
207.900000	1.016200
207.900000	1.014300
208.000000	1.016600
208.100000	1.016600
208.100000	1.010900
208.200000	1.016100
208.300000	1.011800
208.400000	1.014300
208.400000	1.015800
208.500000	1.009450
208.600000	1.018050
208.600000	1.015800
208.700000	1.008150
208.800000	1.015550
208.900000	1.018500
208.900000	1.019650
209.000000	1.019000
209.100000	1.022550
209.100000	1.021900
209.200000	1.018300
209.300000	1.019050
209.400000	1.018700
209.400000	1.020050
209.500000	1.015650
209.600000	1.024150
209.600000	1.020500
209.700000	1.019350
209.800000	1.026850
209.800000	1.013550
209.900000	1.024850
210.000000	1.018350
210.100000	1.021250
210.100000	1.018100
210.200000	1.031800
210.300000	1.027750
210.300000	1.021200
210.400000	1.021950
210.500000	1.024300
210.600000	1.023450
210.600000	1.019850
210.700000	1.018900
210.800000	1.019750
210.800000	1.025000
210.900000	1.020000
211.000000	1.021200
211.000000	1.021000
211.100000	1.019850
211.200000	1.025850
211.300000	1.024650
211.300000	1.025300
211.400000	1.019250
211.500000	1.025900
211.500000	1.022950
211.600000	1.026100
211.700000	1.033150
211.700000	1.024950
211.800000	1.035600
211.900000	1.035850
212.000000	1.026800
212.000000	1.027400
212.100000	1.023200
212.200000	1.029400
212.300000	1.026400
212.300000	1.032550
212.400000	1.035500
212.500000	1.028750
212.500000	1.024400
212.600000	1.030150
212.700000	1.034550
212.700000	1.029650
212.800000	1.023000
212.900000	1.033200
213.000000	1.027700
213.000000	1.033800
213.100000	1.028700
213.200000	1.031550
213.200000	1.038250
213.300000	1.025200
213.400000	1.035200
213.500000	1.024250
213.500000	1.032900
213.600000	1.031100
213.700000	1.034750
213.700000	1.028300
213.800000	1.033300
213.900000	1.039600
214.000000	1.035250
214.000000	1.034450
214.100000	1.037200
214.200000	1.039050
214.200000	1.037450
214.300000	1.044350
214.400000	1.031600
214.500000	1.034050
214.500000	1.023750
214.600000	1.030450
214.700000	1.036500
214.800000	1.041300
214.800000	1.035950
214.900000	1.035200
215.000000	1.030350
215.000000	1.036550
215.100000	1.035050
215.200000	1.032250
215.200000	1.038850
215.300000	1.041200
215.400000	1.040700
215.500000	1.044300
215.500000	1.041900
215.600000	1.038700
215.700000	1.037250
215.700000	1.040850
215.800000	1.040150
215.900000	1.034500
215.900000	1.038800
216.000000	1.039400
216.100000	1.041250
216.200000	1.041400
216.200000	1.045750
216.300000	1.041050
216.400000	1.042350
216.500000	1.037200
216.500000	1.038950
216.600000	1.047950
216.700000	1.043800
216.700000	1.038700
216.800000	1.046100
216.900000	1.041050
216.900000	1.046400
217.000000	1.033750
217.100000	1.036900
217.200000	1.053100
217.200000	1.041250
217.300000	1.045250
217.400000	1.047300
217.500000	1.044200
217.600000	1.054850
217.600000	1.042450
217.700000	1.043500
217.800000	1.045400
217.800000	1.048400
217.900000	1.047200
218.000000	1.047850
218.100000	1.042250
218.100000	1.046450
218.200000	1.050350
218.300000	1.052000
218.300000	1.048300
218.400000	1.048950
218.500000	1.041600
218.600000	1.044900
218.600000	1.042700
218.700000	1.051450
218.800000	1.049150
218.900000	1.051450
218.900000	1.043300
219.000000	1.051800
219.100000	1.044150
219.100000	1.051850
219.200000	1.044000
219.300000	1.049900
219.400000	1.055300
219.400000	1.044800
219.500000	1.051000
219.600000	1.050700
219.700000	1.045250
219.700000	1.057850
219.800000	1.058350
219.900000	1.048150
219.900000	1.053650
220.000000	1.049450
220.100000	1.049350
220.200000	1.057800
220.200000	1.055900
220.300000	1.056650
220.400000	1.046650
220.500000	1.061400
220.500000	1.045200
220.600000	1.060800
220.700000	1.056550
220.800000	1.054300
220.800000	1.055900
220.900000	1.053500
221.000000	1.054100
221.100000	1.061450
221.100000	1.059350
221.200000	1.053700
221.300000	1.054050
221.400000	1.064250
221.400000	1.059950
221.500000	1.048000
221.600000	1.057650
221.700000	1.057550
221.700000	1.062200
221.800000	1.054700
221.900000	1.063350
221.900000	1.061800
222.000000	1.054500
222.100000	1.056650
222.200000	1.058050
222.200000	1.054950
222.300000	1.065900
222.400000	1.066800
222.500000	1.058600
222.500000	1.059650
222.600000	1.057200
222.700000	1.058600
222.800000	1.059000
222.800000	1.057450
222.900000	1.058000
223.000000	1.063200
223.100000	1.061500
223.100000	1.062900
223.200000	1.061800
223.300000	1.065500
223.300000	1.064300
223.400000	1.067750
223.500000	1.060450
223.600000	1.069900
223.600000	1.070800
223.700000	1.058100
223.800000	1.062650
223.900000	1.067550
223.900000	1.064200
224.000000	1.062550
224.100000	1.069300
224.200000	1.056400
224.200000	1.076050
224.300000	1.060300
224.400000	1.058150
224.500000	1.068150
224.600000	1.074750
224.600000	1.069700
224.700000	1.074100
224.800000	1.062400
224.900000	1.053600
224.900000	1.066650
225.000000	1.065150
225.100000	1.065700
225.200000	1.071150
225.200000	1.065550
225.300000	1.071250
225.400000	1.073450
225.500000	1.080900
225.500000	1.072800
225.600000	1.069750
225.700000	1.070650
225.800000	1.063100
225.800000	1.075850
225.900000	1.069200
226.000000	1.064800
226.100000	1.062300
226.100000	1.077300
226.200000	1.078150
226.300000	1.079450
226.300000	1.077200
226.400000	1.071650
226.500000	1.071900
226.600000	1.061450
226.600000	1.060250
226.700000	1.071550
226.800000	1.066300
226.900000	1.074850
227.000000	1.064550
227.000000	1.078500
227.100000	1.065900
227.200000	1.077950
227.300000	1.067700
227.300000	1.082750
227.400000	1.080900
227.500000	1.073450
227.600000	1.087050
227.600000	1.081950
227.700000	1.082700
227.800000	1.073050
227.900000	1.072150
227.900000	1.061100
228.000000	1.073150
228.100000	1.075850
228.200000	1.070950
228.300000	1.072450
228.300000	1.074100
228.400000	1.073700
228.500000	1.085700
228.600000	1.075600
228.600000	1.079250
228.700000	1.071900
228.800000	1.071950
228.900000	1.073950
229.000000	1.089700
229.000000	1.074350
229.100000	1.077100
229.200000	1.074900
229.300000	1.078250
229.400000	1.078350
229.400000	1.085200
229.500000	1.072650
229.600000	1.073050
229.700000	1.083450
229.700000	1.089450
229.800000	1.079300
229.900000	1.069150
230.000000	1.095250
230.100000	1.075150
230.200000	1.076950
230.200000	1.075300
230.300000	1.087850
230.400000	1.091650
230.500000	1.090150
230.600000	1.081450
230.600000	1.084050
230.700000	1.086000
230.800000	1.090650
230.900000	1.074850
230.900000	1.068450
231.000000	1.076500
231.100000	1.089050
231.200000	1.083350
231.200000	1.083650
231.300000	1.091200
231.400000	1.088750
231.500000	1.093150
231.500000	1.089800
231.600000	1.089250
231.700000	1.086650
231.800000	1.081750
231.800000	1.075900
231.900000	1.089950
232.000000	1.098950
232.100000	1.086450
232.100000	1.093650
232.200000	1.089600
232.300000	1.089850
232.300000	1.089100
232.400000	1.089300
232.500000	1.101800
232.600000	1.087450
232.600000	1.092800
232.700000	1.098300
232.800000	1.093250
232.900000	1.088500
232.900000	1.084800
233.000000	1.075850
233.100000	1.096000
233.100000	1.095100
233.200000	1.084650
233.300000	1.088150
233.400000	1.089150
233.400000	1.093100
233.500000	1.102650
233.600000	1.106700
233.600000	1.095500
233.700000	1.092950
233.800000	1.094550
233.900000	1.088850
233.900000	1.093800
234.000000	1.093700
234.100000	1.099800
234.100000	1.092800
234.200000	1.090100
234.300000	1.092550
234.400000	1.087100
234.400000	1.099700
234.500000	1.091800
234.500000	1.091050
234.600000	1.110000
234.700000	1.098350
234.800000	1.090350
234.800000	1.105150
234.900000	1.100800
235.000000	1.090550
235.000000	1.102000
235.100000	1.104850
235.200000	1.116900
235.200000	1.109700
235.300000	1.093850
235.400000	1.099400
235.400000	1.105250
235.500000	1.099450
235.600000	1.093300
235.700000	1.092900
235.700000	1.085900
235.800000	1.095500
235.900000	1.101000
235.900000	1.105900
236.000000	1.103800
236.100000	1.112800
236.100000	1.110300
236.200000	1.099300
236.300000	1.094850
236.300000	1.099450
236.400000	1.103300
236.500000	1.096050
236.500000	1.104400
236.600000	1.101700
236.700000	1.099150
236.700000	1.100150
236.800000	1.106350
236.900000	1.102400
236.900000	1.114950
237.000000	1.107050
237.100000	1.107850
237.100000	1.106450
237.200000	1.101800
237.300000	1.109200
237.300000	1.100500
237.400000	1.104250
237.500000	1.116650
237.500000	1.106500
237.600000	1.090900
237.700000	1.113500
237.700000	1.113950
237.800000	1.107950
237.800000	1.102400
237.900000	1.114600
238.000000	1.107350
238.100000	1.087400
238.100000	1.096650
238.200000	1.111650
238.300000	1.096800
238.300000	1.103150
238.400000	1.108500
238.400000	1.111400
238.500000	1.105750
238.600000	1.106900
238.700000	1.095000
238.700000	1.107300
238.800000	1.105300
238.900000	1.116650
238.900000	1.102350
239.000000	1.108950
239.000000	1.104100
239.100000	1.106350
239.200000	1.102850
239.300000	1.110400
239.300000	1.121800
239.400000	1.103850
239.400000	1.116000
239.500000	1.116950
239.600000	1.125000
239.600000	1.114400
239.700000	1.112800
239.800000	1.116900
239.800000	1.124550
239.900000	1.106900
240.000000	1.122950
240.000000	1.115950
240.100000	1.110950
240.200000	1.095850
240.200000	1.099800
240.300000	1.106650
240.400000	1.116750
240.400000	1.127550
240.500000	1.099750
240.600000	1.119700
240.600000	1.124750
240.700000	1.114250
240.800000	1.108850
240.800000	1.114900
240.900000	1.108550
241.000000	1.120900
241.000000	1.108500
241.100000	1.103350
241.100000	1.116250
241.200000	1.120400
241.300000	1.117500
241.300000	1.111700
241.400000	1.129900
241.400000	1.111700
241.500000	1.115200
241.600000	1.114650
241.600000	1.111800
241.700000	1.116800
241.700000	1.134900
241.800000	1.133900
241.900000	1.121950
241.900000	1.115050
242.000000	1.105650
242.100000	1.118050
242.100000	1.109850
242.200000	1.115150
242.300000	1.111400
242.300000	1.114400
242.400000	1.117100
242.400000	1.125450
242.500000	1.123900
242.600000	1.122800
242.600000	1.133600
242.700000	1.132150
242.800000	1.126500
242.800000	1.125050
242.900000	1.125250
242.900000	1.125000
243.000000	1.107300
243.100000	1.096100
243.100000	1.128150
243.200000	1.121650
243.200000	1.126150
243.300000	1.118900
243.400000	1.125250
243.400000	1.124200
243.500000	1.105200
243.600000	1.127800
243.600000	1.121650
243.700000	1.129950
243.700000	1.125250
243.800000	1.127350
243.900000	1.114900
243.900000	1.114150
244.000000	1.119250
244.000000	1.141800
244.100000	1.122100
244.200000	1.126700
244.200000	1.126050
244.300000	1.128700
244.300000	1.128950
244.400000	1.130550
244.500000	1.130800
244.500000	1.126950
244.600000	1.126500
244.600000	1.134600
244.700000	1.123500
244.800000	1.118500
244.800000	1.114750
244.900000	1.134650
244.900000	1.136400
245.000000	1.138300
245.100000	1.130850
245.100000	1.115200
245.200000	1.145850
245.200000	1.116900
245.300000	1.115250
245.400000	1.118600
245.400000	1.124550
245.500000	1.136350
245.500000	1.133650
245.600000	1.135400
245.700000	1.141750
245.700000	1.139100
245.800000	1.127550
245.800000	1.124550
245.900000	1.136700
246.000000	1.120850
246.000000	1.125000
246.100000	1.137950
246.100000	1.121750
246.200000	1.142850
246.200000	1.125250
246.300000	1.138100
246.400000	1.136950
246.400000	1.133100
246.500000	1.153650
246.500000	1.141300
246.600000	1.135850
246.700000	1.141600
246.700000	1.140000
246.800000	1.130850
246.800000	1.132750
246.900000	1.135650
246.900000	1.150400
247.000000	1.148600
247.100000	1.151150
247.100000	1.150900
247.200000	1.129400
247.200000	1.135000
247.300000	1.137500
247.300000	1.136300
247.400000	1.139050
247.500000	1.139500
247.500000	1.134350
247.600000	1.147800
247.600000	1.130400
247.700000	1.133650
247.800000	1.158850
247.800000	1.139750
247.900000	1.139350
247.900000	1.127650
248.000000	1.130350
248.000000	1.139900
248.100000	1.137800
248.100000	1.137300
248.200000	1.149350
248.300000	1.152600
248.300000	1.141600
248.400000	1.137250
248.400000	1.140900
248.500000	1.148600
248.500000	1.150450
248.600000	1.137850
248.600000	1.136700
248.700000	1.141950
248.800000	1.127250
248.800000	1.135200
248.800000	1.146400
248.900000	1.152650
249.000000	1.151800
249.000000	1.140350
249.100000	1.147550
249.200000	1.145850
249.200000	1.153450
249.300000	1.158950
249.300000	1.129200
249.400000	1.141550
249.400000	1.141750
249.500000	1.153500
249.500000	1.143250
249.600000	1.147150
249.700000	1.149350
249.700000	1.141500
249.800000	1.144800
249.800000	1.138350
249.900000	1.156350
249.900000	1.156000
250.000000	1.137600
250.000000	1.152450
250.100000	1.143650
250.200000	1.143800
250.200000	1.151550
250.300000	1.150300
250.300000	1.151100
250.400000	1.143200
250.400000	1.141050
250.500000	1.149600
250.500000	1.150450
250.600000	1.142950
250.600000	1.161650
250.700000	1.144050
250.700000	1.158100
250.800000	1.144600
250.900000	1.144150
250.900000	1.159250
251.000000	1.146150
251.000000	1.149250
251.100000	1.157100
251.100000	1.142400
251.200000	1.129400
251.200000	1.143900
251.300000	1.154650
251.400000	1.153550
251.400000	1.145650
251.500000	1.163650
251.500000	1.150250
251.600000	1.131000
251.600000	1.151050
251.700000	1.163950
251.700000	1.160650
251.800000	1.160800
251.800000	1.138150
251.900000	1.152350
251.900000	1.161300
252.000000	1.146600
252.100000	1.141500
252.100000	1.157000
252.100000	1.167550
252.200000	1.154750
252.200000	1.154000
252.300000	1.154050
252.400000	1.156500
252.400000	1.157400
252.500000	1.154900
252.500000	1.162200
252.600000	1.164100
252.600000	1.138500
252.700000	1.160600
252.700000	1.145700
252.800000	1.156700
252.800000	1.143550
252.900000	1.145050
252.900000	1.146050
253.000000	1.161900
253.000000	1.158700
253.100000	1.165400
253.100000	1.162650
253.200000	1.163350
253.300000	1.163050
253.300000	1.129750
253.400000	1.145400
253.400000	1.157100
253.500000	1.143400
253.500000	1.152150
253.600000	1.157700
253.600000	1.153550
253.700000	1.159150
253.700000	1.172250
253.800000	1.163700
253.800000	1.166750
253.900000	1.163850
253.900000	1.155900
254.000000	1.150350
254.100000	1.159250
254.100000	1.160000
254.200000	1.158400
254.200000	1.162900
254.200000	1.162750
254.300000	1.166400
254.400000	1.155950
254.400000	1.158700
254.500000	1.162050
254.500000	1.160900
254.600000	1.167150
254.600000	1.158450
254.700000	1.170000
254.700000	1.158550
254.800000	1.158000
254.800000	1.163700
254.900000	1.153650
254.900000	1.172000
255.000000	1.160050
255.000000	1.159850
255.100000	1.166300
255.100000	1.157700
255.200000	1.159400
255.200000	1.161700
255.300000	1.164550
255.300000	1.163200
255.400000	1.170800
255.400000	1.162100
255.500000	1.160850
255.500000	1.158500
255.600000	1.162150
255.600000	1.162800
255.700000	1.162150
255.700000	1.165350
255.800000	1.191200
255.800000	1.167450
255.900000	1.169000
255.900000	1.162850
256.000000	1.154300
256.000000	1.157900
256.100000	1.163100
256.100000	1.165850
256.200000	1.163500
256.200000	1.157600
256.300000	1.163700
256.300000	1.168200
256.400000	1.177050
256.400000	1.167450
256.500000	1.162100
256.500000	1.169300
256.600000	1.171300
256.600000	1.170250
256.700000	1.164850
256.700000	1.165950
256.800000	1.163600
256.800000	1.165450
256.900000	1.172200
256.900000	1.159000
257.000000	1.163300
257.000000	1.162550
257.100000	1.158250
257.100000	1.162800
257.200000	1.167800
257.200000	1.179100
257.300000	1.186450
257.300000	1.161500
257.400000	1.161400
257.400000	1.166300
257.500000	1.167200
257.500000	1.172700
257.600000	1.170750
257.600000	1.170100
257.700000	1.166900
257.700000	1.172600
257.800000	1.172450
257.800000	1.170450
257.900000	1.179900
257.900000	1.176850
258.000000	1.176500
258.000000	1.167550
258.000000	1.171750
258.100000	1.165200
258.100000	1.180150
258.200000	1.176650
258.200000	1.169900
258.300000	1.174100
258.300000	1.170750
258.400000	1.166300
258.400000	1.176950
258.500000	1.176300
258.500000	1.175650
258.600000	1.176150
258.600000	1.169050
258.700000	1.168550
258.700000	1.173500
258.800000	1.177250
258.800000	1.176250
258.900000	1.170800
258.900000	1.169700
259.000000	1.171150
259.000000	1.165300
259.100000	1.169000
259.100000	1.184500
259.100000	1.173650
259.200000	1.175150
259.200000	1.180700
259.300000	1.179200
259.300000	1.166750
259.400000	1.177200
259.400000	1.179450
259.500000	1.168350
259.500000	1.171250
259.600000	1.183500
259.600000	1.168600
259.700000	1.173850
259.700000	1.178800
259.800000	1.183150
259.800000	1.174550
259.800000	1.177450
259.900000	1.176450
259.900000	1.173700
260.000000	1.174600
260.000000	1.167350
260.100000	1.178050
260.100000	1.175450
260.200000	1.174100
260.200000	1.181900
260.300000	1.180850
260.300000	1.184150
260.400000	1.184000
260.400000	1.174900
260.500000	1.181450
260.500000	1.183250
260.600000	1.182000
260.600000	1.175750
260.700000	1.184800
260.700000	1.183250
260.800000	1.178700
260.800000	1.182350
260.900000	1.181550
260.900000	1.184850
261.000000	1.177350
261.000000	1.174950
261.100000	1.176400
261.100000	1.177600
261.200000	1.185050
261.200000	1.182100
261.300000	1.189950
261.300000	1.175600
261.400000	1.183150
261.400000	1.187700
261.500000	1.180750
261.500000	1.182050
261.600000	1.173650
261.600000	1.180750
261.700000	1.185750
261.700000	1.178700
261.800000	1.179200
261.800000	1.179100
261.900000	1.172950
261.900000	1.182250
262.000000	1.178800
262.000000	1.188450
262.100000	1.186400
262.100000	1.182600
262.200000	1.184650
262.200000	1.186700
262.300000	1.184600
262.300000	1.192550
262.400000	1.186250
262.400000	1.191150
262.500000	1.193900
262.500000	1.180500
262.600000	1.180350
262.600000	1.181800
262.700000	1.187800
262.700000	1.197500
262.800000	1.194450
262.800000	1.194000
262.900000	1.188100
262.900000	1.186700
263.000000	1.183500
263.000000	1.186450
263.100000	1.194750
263.100000	1.192650
263.200000	1.187350
263.200000	1.187150
263.300000	1.185500
263.300000	1.182950
263.300000	1.191500
263.400000	1.192300
263.400000	1.190450
263.500000	1.186900
263.500000	1.188500
263.600000	1.190700
263.600000	1.186400
263.700000	1.190350
263.700000	1.184550
263.800000	1.188200
263.800000	1.184300
263.900000	1.192150
263.900000	1.188700
264.000000	1.194350
264.000000	1.188300
264.100000	1.199500
264.100000	1.179400
264.200000	1.184900
264.200000	1.188150
264.300000	1.186000
264.300000	1.186850
264.400000	1.192850
264.400000	1.194400
264.500000	1.190200
264.500000	1.188550
264.600000	1.196850
264.600000	1.192700
264.600000	1.195300
264.700000	1.194500
264.700000	1.196500
264.800000	1.190450
264.800000	1.192200
264.900000	1.184500
264.900000	1.190600
265.000000	1.187400
265.000000	1.194200
265.100000	1.189650
265.100000	1.185150
265.200000	1.191300
265.200000	1.196350
265.200000	1.187950
265.300000	1.191750
265.300000	1.194650
265.400000	1.191150
265.400000	1.196800
265.500000	1.191950
265.500000	1.193600
265.600000	1.197150
265.600000	1.192100
265.700000	1.196150
265.700000	1.199200
265.800000	1.196350
265.800000	1.198550
265.900000	1.195150
265.900000	1.191250
265.900000	1.193250
266.000000	1.199700
266.000000	1.191750
266.100000	1.190900
266.100000	1.196350
266.200000	1.194550
266.200000	1.198200
266.300000	1.204550
266.300000	1.200850
266.400000	1.197000
266.400000	1.187250
266.400000	1.199450
266.500000	1.196250
266.500000	1.190650
266.600000	1.203100
266.600000	1.196800
266.700000	1.205750
266.700000	1.197850
266.800000	1.194550
266.800000	1.183500
266.900000	1.194900
266.900000	1.201050
266.900000	1.198400
267.000000	1.203650
267.000000	1.194050
267.100000	1.197400
267.100000	1.202650
267.200000	1.211850
267.200000	1.202900
267.300000	1.190900
267.300000	1.201050
267.400000	1.202900
267.400000	1.200950
267.400000	1.203650
267.500000	1.205050
267.500000	1.195150
267.600000	1.197200
267.600000	1.201250
267.700000	1.197300
267.700000	1.200200
267.800000	1.204100
267.800000	1.203400
267.900000	1.201100
267.900000	1.197850
267.900000	1.204950
268.000000	1.202450
268.000000	1.201750
268.100000	1.202500
268.100000	1.206750
268.200000	1.206850
268.200000	1.202850
268.200000	1.201000
268.300000	1.202850
268.300000	1.199450
268.400000	1.198850
268.400000	1.202200
268.500000	1.205850
268.500000	1.203200
268.600000	1.195000
268.600000	1.202000
268.600000	1.205150
268.700000	1.201800
268.700000	1.203200
268.800000	1.203450
268.800000	1.209600
268.900000	1.205350
268.900000	1.208100
268.900000	1.208500
269.000000	1.196600
269.000000	1.195150
269.100000	1.203050
269.100000	1.204000
269.200000	1.202000
269.200000	1.201250
269.300000	1.202000
269.300000	1.202650
269.300000	1.207000
269.400000	1.204500
269.400000	1.204300
269.500000	1.199100
269.500000	1.202900
269.600000	1.209800
269.600000	1.205600
269.600000	1.208850
269.700000	1.207400
269.700000	1.207900
269.800000	1.200250
269.800000	1.203950
269.900000	1.210100
269.900000	1.213050
269.900000	1.212200
270.000000	1.209100
270.000000	1.201100
270.100000	1.206100
270.100000	1.204600
270.200000	1.211950
270.200000	1.204900
270.200000	1.205450
270.300000	1.210550
270.300000	1.208600
270.400000	1.213350
270.400000	1.211600
270.500000	1.206900
270.500000	1.203550
270.500000	1.213350
270.600000	1.207700
270.600000	1.210550
270.700000	1.205200
270.700000	1.207900
270.700000	1.213900
270.800000	1.208050
270.800000	1.215850
270.900000	1.213200
270.900000	1.210200
271.000000	1.203000
271.000000	1.209400
271.000000	1.212550
271.100000	1.207250
271.100000	1.213050
271.200000	1.218750
271.200000	1.210350
271.200000	1.205600
271.300000	1.214450
271.300000	1.217750
271.300000	1.215250
271.400000	1.207100
271.400000	1.215500
271.500000	1.206400
271.500000	1.205200
271.600000	1.213650
271.600000	1.208550
271.600000	1.213550
271.700000	1.213400
271.700000	1.217950
271.800000	1.214650
271.800000	1.214700
271.800000	1.214700
271.900000	1.215600
271.900000	1.216600
272.000000	1.213550
272.000000	1.216450
272.100000	1.217200
272.100000	1.219900
272.100000	1.207900
272.200000	1.216750
272.200000	1.223500
272.300000	1.211150
272.300000	1.213050
272.300000	1.210300
272.400000	1.217150
272.400000	1.218200
272.500000	1.211800
272.500000	1.213450
272.500000	1.209700
272.600000	1.219200
272.600000	1.216650
272.600000	1.217250
272.700000	1.224000
272.700000	1.216500
272.800000	1.212850
272.800000	1.214750
272.900000	1.215250
272.900000	1.219900
273.000000	1.220550
273.000000	1.213500
273.100000	1.213950
273.100000	1.218200
273.100000	1.213900
273.200000	1.206650
273.200000	1.221600
273.300000	1.228050
273.300000	1.230100
273.400000	1.222500
273.400000	1.215000
273.400000	1.222850
273.500000	1.216150
273.500000	1.221300
273.600000	1.218950
273.600000	1.213200
273.700000	1.209650
273.700000	1.212500
273.700000	1.232000
273.800000	1.216950
273.800000	1.209650
273.900000	1.219250
273.900000	1.220600
273.900000	1.228050
274.000000	1.230250
274.000000	1.224700
274.000000	1.215000
274.100000	1.217100
274.100000	1.226650
274.200000	1.224700
274.200000	1.213600
274.200000	1.218500
274.300000	1.211050
274.300000	1.231700
274.400000	1.214550
274.400000	1.222100
274.400000	1.233400
274.500000	1.234150
274.500000	1.229450
274.600000	1.225500
274.600000	1.230800
274.600000	1.236450
274.700000	1.205600
274.700000	1.224450
274.700000	1.227600
274.800000	1.227050
274.800000	1.230400
274.900000	1.220850
274.900000	1.221500
274.900000	1.229800
275.000000	1.229650
275.000000	1.224800
275.100000	1.235200
275.100000	1.238700
275.100000	1.236950
275.200000	1.242300
275.200000	1.234250
275.300000	1.239150
275.300000	1.221000
275.300000	1.230550
275.400000	1.224650
275.400000	1.225150
275.400000	1.246550
275.500000	1.241750
275.500000	1.236250
275.600000	1.224450
275.600000	1.234500
275.600000	1.233250
275.700000	1.230750
275.700000	1.249050
275.700000	1.243600
275.800000	1.214500
275.800000	1.235850
275.900000	1.227850
275.900000	1.228600
275.900000	1.222100
276.000000	1.222850
276.000000	1.217300
276.000000	1.236000
276.100000	1.221750
276.100000	1.226600
276.200000	1.226050
276.200000	1.237500
276.200000	1.236250
276.200000	1.226450
276.300000	1.220350
276.300000	1.229600
276.400000	1.219950
276.400000	1.220750
276.400000	1.240700
276.500000	1.231300
276.500000	1.221750
276.500000	1.215500
276.600000	1.225150
276.600000	1.228950
276.700000	1.218150
276.700000	1.231750
276.700000	1.228500
276.800000	1.245650
276.800000	1.223450
276.800000	1.220100
276.900000	1.221450
276.900000	1.215500
276.900000	1.226450
277.000000	1.212450
277.000000	1.227350
277.000000	1.220200
277.100000	1.234350
277.100000	1.222150
277.200000	1.221150
277.200000	1.210750
277.200000	1.225350
277.300000	1.229050
277.300000	1.229000
277.300000	1.227700
277.400000	1.207800
277.400000	1.224700
277.400000	1.222350
277.500000	1.234000
277.500000	1.234650
277.600000	1.231050
277.600000	1.238800
277.600000	1.224550
277.700000	1.240050
277.700000	1.228200
277.700000	1.230500
277.800000	1.226450
277.800000	1.233550
277.800000	1.232950
277.900000	1.230550
277.900000	1.236050
277.900000	1.240750
278.000000	1.230550
278.000000	1.244050
278.100000	1.236850
278.100000	1.237500
278.100000	1.248400
278.100000	1.249100
278.200000	1.240300
278.200000	1.243200
278.300000	1.251550
278.300000	1.245750
278.300000	1.241000
278.400000	1.254600
278.400000	1.239000
278.400000	1.252950
278.500000	1.245900
278.500000	1.244400
278.500000	1.236300
278.600000	1.255800
278.600000	1.236500
278.600000	1.233150
278.700000	1.239100
278.700000	1.237800
278.700000	1.230600
278.800000	1.226850
278.800000	1.238450
278.800000	1.226700
278.900000	1.235850
278.900000	1.226500
279.000000	1.253600
279.000000	1.251050
279.000000	1.246500
279.100000	1.245250
279.100000	1.215300
279.100000	1.232150
279.200000	1.238600
279.200000	1.244600
279.200000	1.229150
279.300000	1.226050
279.300000	1.225350
279.300000	1.241200
279.400000	1.216350
279.400000	1.214500
279.400000	1.220650
279.500000	1.245350
279.500000	1.208800
279.500000	1.228950
279.600000	1.226800
279.600000	1.220300
279.600000	1.233700
279.700000	1.236800
279.700000	1.232450
279.700000	1.238600
279.800000	1.244750
279.800000	1.261150
279.800000	1.263800
279.900000	1.243950
279.900000	1.237350
279.900000	1.238150
280.000000	1.243550
280.000000	1.231050
280.000000	1.249850
280.100000	1.246450
280.100000	1.245650
280.100000	1.250200
280.100000	1.273200
280.200000	1.243050
280.200000	1.242900
280.200000	1.251850
280.300000	1.257050
280.300000	1.241300
280.400000	1.230300
280.400000	1.254550
280.400000	1.247050
280.400000	1.246900
280.500000	1.237150
280.500000	1.236400
280.500000	1.245450
280.600000	1.245750
280.600000	1.244800
280.600000	1.242050
280.700000	1.239800
280.700000	1.247050
280.700000	1.263100
280.800000	1.263250
280.800000	1.247700
280.800000	1.249800
280.900000	1.241550
280.900000	1.269150
280.900000	1.236300
281.000000	1.242500
281.000000	1.232650
281.000000	1.233100
281.000000	1.234850
281.100000	1.229400
281.100000	1.245850
281.100000	1.242150
281.200000	1.236150
281.200000	1.234350
281.200000	1.243750
281.300000	1.248600
281.300000	1.231200
281.300000	1.233500
281.400000	1.225750
281.400000	1.222550
281.400000	1.229950
281.500000	1.247550
281.500000	1.219300
281.500000	1.237000
281.600000	1.248300
281.600000	1.229500
281.600000	1.251200
281.700000	1.255800
281.700000	1.247450
281.700000	1.245500
281.800000	1.247950
281.800000	1.235400
281.800000	1.257600
281.800000	1.248450
281.900000	1.238650
281.900000	1.244200
281.900000	1.251150
282.000000	1.258900
282.000000	1.263500
282.000000	1.264800
282.100000	1.250350
282.100000	1.253600
282.100000	1.254600
282.200000	1.257600
282.200000	1.237350
282.200000	1.245750
282.200000	1.256550
282.300000	1.267100
282.300000	1.260250
282.300000	1.257850
282.400000	1.240950
282.400000	1.264150
282.400000	1.259250
282.500000	1.250150
282.500000	1.241650
282.500000	1.256000
282.600000	1.253350
282.600000	1.237300
282.600000	1.245300
282.600000	1.242400
282.700000	1.249400
282.700000	1.256350
282.700000	1.254800
282.800000	1.246450
282.800000	1.257300
282.800000	1.254400
282.900000	1.247200
282.900000	1.254100
282.900000	1.245350
283.000000	1.237800
283.000000	1.267850
283.000000	1.237800
283.100000	1.250900
283.100000	1.243950
283.100000	1.251700
283.100000	1.239600
283.200000	1.231550
283.200000	1.241000
283.200000	1.243700
283.300000	1.248850
283.300000	1.242050
283.300000	1.243250
283.300000	1.243000
283.400000	1.245400
283.400000	1.246850
283.500000	1.250400
283.500000	1.246350
283.500000	1.235550
283.500000	1.248900
283.600000	1.243850
283.600000	1.250650
283.600000	1.262550
283.700000	1.253900
283.700000	1.243400
283.700000	1.259050
283.700000	1.258850
283.800000	1.253600
283.800000	1.257300
283.800000	1.243900
283.900000	1.252950
283.900000	1.248400
283.900000	1.253850
284.000000	1.247850
284.000000	1.259150
284.000000	1.258650
284.000000	1.257450
284.100000	1.254100
284.100000	1.259600
284.100000	1.261150
284.200000	1.270300
284.200000	1.265800
284.200000	1.255150
284.300000	1.259150
284.300000	1.277000
284.300000	1.267300
284.300000	1.274750
284.400000	1.264800
284.400000	1.250550
284.400000	1.262250
284.500000	1.259500
284.500000	1.256550
284.500000	1.250650
284.500000	1.256750
284.600000	1.264950
284.600000	1.252450
284.600000	1.249150
284.700000	1.264850
284.700000	1.254700
284.700000	1.258600
284.700000	1.258100
284.800000	1.258050
284.800000	1.245550
284.800000	1.261350
284.800000	1.260200
284.900000	1.254500
284.900000	1.248000
284.900000	1.252950
285.000000	1.260750
285.000000	1.271900
285.000000	1.253450
285.100000	1.250350
285.100000	1.250150
285.100000	1.250000
285.100000	1.244900
285.200000	1.246450
285.200000	1.251150
285.200000	1.254600
285.300000	1.248200
285.300000	1.253650
285.300000	1.242500
285.300000	1.246400
285.400000	1.264700
285.400000	1.262150
285.400000	1.247200
285.400000	1.244300
285.500000	1.246200
285.500000	1.244400
285.500000	1.258800
285.600000	1.250450
285.600000	1.260650
285.600000	1.266950
285.600000	1.263750
285.700000	1.259300
285.700000	1.255400
285.700000	1.254200
285.700000	1.265750
285.800000	1.257050
285.800000	1.255750
285.800000	1.257650
285.900000	1.257050
285.900000	1.263850
285.900000	1.257350
285.900000	1.263550
286.000000	1.262800
286.000000	1.268600
286.000000	1.270400
286.000000	1.286000
286.100000	1.270400
286.100000	1.262800
286.100000	1.257850
286.100000	1.258000
286.200000	1.255250
286.200000	1.278200
286.200000	1.271850
286.300000	1.273000
286.300000	1.266800
286.300000	1.264750
286.300000	1.264200
286.400000	1.267400
286.400000	1.272200
286.400000	1.268000
286.400000	1.272500
286.500000	1.262650
286.500000	1.275550
286.500000	1.257750
286.500000	1.272500
286.600000	1.263600
286.600000	1.258450
286.600000	1.255950
286.600000	1.263750
286.700000	1.266100
286.700000	1.265650
286.700000	1.260800
286.800000	1.258100
286.800000	1.269300
286.800000	1.280900
286.800000	1.261250
286.900000	1.259050
286.900000	1.257500
286.900000	1.256650
287.000000	1.243600
287.000000	1.252650
287.000000	1.249000
287.000000	1.268850
287.100000	1.250950
287.100000	1.253100
287.100000	1.254400
287.100000	1.258750
287.200000	1.258700
287.200000	1.272450
287.200000	1.255650
287.200000	1.260100
287.300000	1.265350
287.300000	1.265250
287.300000	1.261900
287.300000	1.271300
287.400000	1.258450
287.400000	1.275700
287.400000	1.269650
287.400000	1.267800
287.500000	1.266750
287.500000	1.268500
287.500000	1.267400
287.600000	1.258800
287.600000	1.265800
287.600000	1.267350
287.600000	1.259350
287.700000	1.274550
287.700000	1.266950
287.700000	1.271000
287.700000	1.271750
287.800000	1.260200
287.800000	1.268850
287.800000	1.262750
287.800000	1.259850
287.900000	1.271750
287.900000	1.268850
287.900000	1.277950
287.900000	1.279700
288.000000	1.268150
288.000000	1.271300
288.000000	1.257000
